100 77280 1000 4 
-2931 500 500 500 500 506 0 0 0 0 517 0 0 0 0 341 0 0 0 0 473 0 0 0 0 440 0 0 0 0 330 0 0 0 0 209 250 250 250 250 506 0 0 0 0 473 0 0 0 0 319 0 0 0 0 143 0 0 0 0 275 0 0 0 0 110 0 0 0 0 297 0 0 0 0 121 0 0 0 0 528 0 0 0 0 165 0 0 0 0 253 0 0 0 0 275 0 0 0 0 
500 -2931 500 500 500 0 506 0 0 0 0 517 0 0 0 0 341 0 0 0 0 473 0 0 0 250 440 0 0 0 0 330 0 0 0 0 209 250 250 250 250 506 0 0 0 0 473 0 0 0 0 319 0 0 0 0 143 0 0 0 250 275 0 0 0 250 110 0 0 0 250 297 0 0 0 0 121 0 0 0 0 528 0 0 0 0 165 0 0 0 0 253 0 0 0 250 275 0 0 0 
500 500 -2931 500 500 0 0 506 0 0 0 0 517 0 0 0 0 341 0 0 0 0 473 0 0 250 250 440 0 0 0 0 330 0 0 0 0 209 250 250 250 250 506 0 0 0 0 473 0 0 0 0 319 0 0 0 0 143 0 0 250 250 275 0 0 250 250 110 0 0 250 250 297 0 0 0 0 121 0 0 0 0 528 0 0 0 0 165 0 0 0 0 253 0 0 250 250 275 0 0 
500 500 500 -2931 500 0 0 0 506 0 0 0 0 517 0 0 0 0 341 0 0 0 0 473 0 250 250 250 440 0 0 0 0 330 0 0 0 0 209 250 250 250 250 506 0 0 0 0 473 0 0 0 0 319 0 0 0 0 143 0 250 250 250 275 0 250 250 250 110 0 250 250 250 297 0 0 0 0 121 0 0 0 0 528 0 0 0 0 165 0 0 0 0 253 0 250 250 250 275 0 
500 500 500 500 -2931 0 0 0 0 506 0 0 0 0 517 0 0 0 0 341 0 0 0 0 473 250 250 250 250 440 0 0 0 0 330 0 0 0 0 209 250 250 250 250 506 0 0 0 0 473 0 0 0 0 319 0 0 0 0 143 250 250 250 250 275 250 250 250 250 110 250 250 250 250 297 0 0 0 0 121 0 0 0 0 528 0 0 0 0 165 0 0 0 0 253 250 250 250 250 275 
506 0 0 0 0 -9056 500 500 500 500 2162 0 0 0 0 1426 0 0 0 0 1978 250 250 250 250 1840 0 0 0 0 1380 0 0 0 0 874 0 0 0 0 2116 0 0 0 0 1978 0 0 0 0 1334 0 0 0 0 598 250 250 250 250 1150 0 0 0 0 460 0 0 0 0 1242 0 0 0 0 506 0 0 0 0 2208 0 0 0 0 690 250 250 250 250 1058 0 0 0 0 1150 0 0 0 0 
0 506 0 0 0 500 -9056 500 500 500 250 2162 0 0 0 0 1426 0 0 0 0 1978 250 250 250 0 1840 0 0 0 0 1380 0 0 0 0 874 0 0 0 0 2116 0 0 0 0 1978 0 0 0 0 1334 0 0 0 0 598 250 250 250 0 1150 0 0 0 0 460 0 0 0 0 1242 0 0 0 0 506 0 0 0 0 2208 0 0 0 0 690 250 250 250 0 1058 0 0 0 0 1150 0 0 0 
0 0 506 0 0 500 500 -9056 500 500 250 250 2162 0 0 0 0 1426 0 0 0 0 1978 250 250 0 0 1840 0 0 0 0 1380 0 0 0 0 874 0 0 0 0 2116 0 0 0 0 1978 0 0 0 0 1334 0 0 0 0 598 250 250 0 0 1150 0 0 0 0 460 0 0 0 0 1242 0 0 0 0 506 0 0 0 0 2208 0 0 0 0 690 250 250 0 0 1058 0 0 0 0 1150 0 0 
0 0 0 506 0 500 500 500 -9056 500 250 250 250 2162 0 0 0 0 1426 0 0 0 0 1978 250 0 0 0 1840 0 0 0 0 1380 0 0 0 0 874 0 0 0 0 2116 0 0 0 0 1978 0 0 0 0 1334 0 0 0 0 598 250 0 0 0 1150 0 0 0 0 460 0 0 0 0 1242 0 0 0 0 506 0 0 0 0 2208 0 0 0 0 690 250 0 0 0 1058 0 0 0 0 1150 0 
0 0 0 0 506 500 500 500 500 -9056 250 250 250 250 2162 0 0 0 0 1426 0 0 0 0 1978 0 0 0 0 1840 0 0 0 0 1380 0 0 0 0 874 0 0 0 0 2116 0 0 0 0 1978 0 0 0 0 1334 0 0 0 0 598 0 0 0 0 1150 0 0 0 0 460 0 0 0 0 1242 0 0 0 0 506 0 0 0 0 2208 0 0 0 0 690 0 0 0 0 1058 0 0 0 0 1150 
517 0 0 0 0 2162 250 250 250 250 -9195 500 500 500 500 1457 250 250 250 250 2021 250 250 250 250 1880 0 0 0 0 1410 0 0 0 0 893 0 0 0 0 2162 0 0 0 0 2021 0 0 0 0 1363 0 0 0 0 611 250 250 250 250 1175 0 0 0 0 470 0 0 0 0 1269 0 0 0 0 517 250 250 250 250 2256 250 250 250 250 705 250 250 250 250 1081 0 0 0 0 1175 0 0 0 0 
0 517 0 0 0 0 2162 250 250 250 500 -9195 500 500 500 0 1457 250 250 250 0 2021 250 250 250 0 1880 0 0 0 0 1410 0 0 0 0 893 0 0 0 0 2162 0 0 0 0 2021 0 0 0 0 1363 0 0 0 0 611 250 250 250 0 1175 0 0 0 0 470 0 0 0 0 1269 0 0 0 0 517 250 250 250 0 2256 250 250 250 0 705 250 250 250 0 1081 0 0 0 0 1175 0 0 0 
0 0 517 0 0 0 0 2162 250 250 500 500 -9195 500 500 0 0 1457 250 250 0 0 2021 250 250 0 0 1880 0 0 0 0 1410 0 0 0 0 893 0 0 0 0 2162 0 0 0 0 2021 0 0 0 0 1363 0 0 0 0 611 250 250 0 0 1175 0 0 0 0 470 0 0 0 0 1269 0 0 0 0 517 250 250 0 0 2256 250 250 0 0 705 250 250 0 0 1081 0 0 0 0 1175 0 0 
0 0 0 517 0 0 0 0 2162 250 500 500 500 -9195 500 0 0 0 1457 250 0 0 0 2021 250 0 0 0 1880 0 0 0 0 1410 0 0 0 0 893 0 0 0 0 2162 0 0 0 0 2021 0 0 0 0 1363 0 0 0 0 611 250 0 0 0 1175 0 0 0 0 470 0 0 0 0 1269 0 0 0 0 517 250 0 0 0 2256 250 0 0 0 705 250 0 0 0 1081 0 0 0 0 1175 0 
0 0 0 0 517 0 0 0 0 2162 500 500 500 500 -9195 0 0 0 0 1457 0 0 0 0 2021 0 0 0 0 1880 0 0 0 0 1410 0 0 0 0 893 0 0 0 0 2162 0 0 0 0 2021 0 0 0 0 1363 0 0 0 0 611 0 0 0 0 1175 0 0 0 0 470 0 0 0 0 1269 0 0 0 0 517 0 0 0 0 2256 0 0 0 0 705 0 0 0 0 1081 0 0 0 0 1175 
341 0 0 0 0 1426 0 0 0 0 1457 0 0 0 0 -6731 500 500 500 500 1333 0 0 0 0 1240 0 0 0 0 930 0 0 0 0 589 0 0 0 0 1426 0 0 0 0 1333 0 0 0 0 899 0 0 0 0 403 0 0 0 0 775 0 0 0 0 310 0 0 0 0 837 0 0 0 0 341 250 250 250 250 1488 0 0 0 0 465 0 0 0 0 713 0 0 0 0 775 0 0 0 0 
0 341 0 0 0 0 1426 0 0 0 250 1457 0 0 0 500 -6731 500 500 500 0 1333 0 0 0 0 1240 0 0 0 0 930 0 0 0 0 589 0 0 0 0 1426 0 0 0 0 1333 0 0 0 250 899 0 0 0 0 403 0 0 0 0 775 0 0 0 0 310 0 0 0 0 837 0 0 0 0 341 250 250 250 0 1488 0 0 0 0 465 0 0 0 0 713 0 0 0 0 775 0 0 0 
0 0 341 0 0 0 0 1426 0 0 250 250 1457 0 0 500 500 -6731 500 500 0 0 1333 0 0 0 0 1240 0 0 0 0 930 0 0 0 0 589 0 0 0 0 1426 0 0 0 0 1333 0 0 250 250 899 0 0 0 0 403 0 0 0 0 775 0 0 0 0 310 0 0 0 0 837 0 0 0 0 341 250 250 0 0 1488 0 0 0 0 465 0 0 0 0 713 0 0 0 0 775 0 0 
0 0 0 341 0 0 0 0 1426 0 250 250 250 1457 0 500 500 500 -6731 500 0 0 0 1333 0 0 0 0 1240 0 0 0 0 930 0 0 0 0 589 0 0 0 0 1426 0 0 0 0 1333 0 250 250 250 899 0 0 0 0 403 0 0 0 0 775 0 0 0 0 310 0 0 0 0 837 0 0 0 0 341 250 0 0 0 1488 0 0 0 0 465 0 0 0 0 713 0 0 0 0 775 0 
0 0 0 0 341 0 0 0 0 1426 250 250 250 250 1457 500 500 500 500 -6731 0 0 0 0 1333 0 0 0 0 1240 0 0 0 0 930 0 0 0 0 589 0 0 0 0 1426 0 0 0 0 1333 250 250 250 250 899 0 0 0 0 403 0 0 0 0 775 0 0 0 0 310 0 0 0 0 837 0 0 0 0 341 0 0 0 0 1488 0 0 0 0 465 0 0 0 0 713 0 0 0 0 775 
473 0 0 0 0 1978 0 0 0 0 2021 0 0 0 0 1333 0 0 0 0 -8627 500 500 500 500 1720 0 0 0 0 1290 0 0 0 0 817 0 0 0 0 1978 0 0 0 0 1849 0 0 0 0 1247 0 0 0 0 559 0 0 0 0 1075 0 0 0 0 430 0 0 0 0 1161 0 0 0 0 473 0 0 0 0 2064 0 0 0 0 645 0 0 0 0 989 0 0 0 0 1075 0 0 0 0 
0 473 0 0 0 250 1978 0 0 0 250 2021 0 0 0 0 1333 0 0 0 500 -8627 500 500 500 0 1720 0 0 0 0 1290 0 0 0 0 817 0 0 0 0 1978 0 0 0 0 1849 0 0 0 0 1247 0 0 0 0 559 0 0 0 0 1075 0 0 0 0 430 0 0 0 0 1161 0 0 0 0 473 0 0 0 0 2064 0 0 0 250 645 0 0 0 0 989 0 0 0 0 1075 0 0 0 
0 0 473 0 0 250 250 1978 0 0 250 250 2021 0 0 0 0 1333 0 0 500 500 -8627 500 500 0 0 1720 0 0 0 0 1290 0 0 0 0 817 0 0 0 0 1978 0 0 0 0 1849 0 0 0 0 1247 0 0 0 0 559 0 0 0 0 1075 0 0 0 0 430 0 0 0 0 1161 0 0 0 0 473 0 0 0 0 2064 0 0 250 250 645 0 0 0 0 989 0 0 0 0 1075 0 0 
0 0 0 473 0 250 250 250 1978 0 250 250 250 2021 0 0 0 0 1333 0 500 500 500 -8627 500 0 0 0 1720 0 0 0 0 1290 0 0 0 0 817 0 0 0 0 1978 0 0 0 0 1849 0 0 0 0 1247 0 0 0 0 559 0 0 0 0 1075 0 0 0 0 430 0 0 0 0 1161 0 0 0 0 473 0 0 0 0 2064 0 250 250 250 645 0 0 0 0 989 0 0 0 0 1075 0 
0 0 0 0 473 250 250 250 250 1978 250 250 250 250 2021 0 0 0 0 1333 500 500 500 500 -8627 0 0 0 0 1720 0 0 0 0 1290 0 0 0 0 817 0 0 0 0 1978 0 0 0 0 1849 0 0 0 0 1247 0 0 0 0 559 0 0 0 0 1075 0 0 0 0 430 0 0 0 0 1161 0 0 0 0 473 0 0 0 0 2064 250 250 250 250 645 0 0 0 0 989 0 0 0 0 1075 
440 250 250 250 250 1840 0 0 0 0 1880 0 0 0 0 1240 0 0 0 0 1720 0 0 0 0 -8180 500 500 500 500 1200 0 0 0 0 760 250 250 250 250 1840 250 250 250 250 1720 250 250 250 250 1160 0 0 0 0 520 0 0 0 0 1000 250 250 250 250 400 250 250 250 250 1080 250 250 250 250 440 250 250 250 250 1920 0 0 0 0 600 0 0 0 0 920 0 0 0 0 1000 250 250 250 250 
0 440 250 250 250 0 1840 0 0 0 0 1880 0 0 0 0 1240 0 0 0 0 1720 0 0 0 500 -8180 500 500 500 0 1200 0 0 0 0 760 250 250 250 0 1840 250 250 250 0 1720 250 250 250 0 1160 0 0 0 0 520 0 0 0 0 1000 250 250 250 0 400 250 250 250 0 1080 250 250 250 0 440 250 250 250 0 1920 0 0 0 0 600 0 0 0 0 920 0 0 0 0 1000 250 250 250 
0 0 440 250 250 0 0 1840 0 0 0 0 1880 0 0 0 0 1240 0 0 0 0 1720 0 0 500 500 -8180 500 500 0 0 1200 0 0 0 0 760 250 250 0 0 1840 250 250 0 0 1720 250 250 0 0 1160 0 0 0 0 520 0 0 0 0 1000 250 250 0 0 400 250 250 0 0 1080 250 250 0 0 440 250 250 0 0 1920 0 0 0 0 600 0 0 0 0 920 0 0 0 0 1000 250 250 
0 0 0 440 250 0 0 0 1840 0 0 0 0 1880 0 0 0 0 1240 0 0 0 0 1720 0 500 500 500 -8180 500 0 0 0 1200 0 0 0 0 760 250 0 0 0 1840 250 0 0 0 1720 250 0 0 0 1160 0 0 0 0 520 0 0 0 0 1000 250 0 0 0 400 250 0 0 0 1080 250 0 0 0 440 250 0 0 0 1920 0 0 0 0 600 0 0 0 0 920 0 0 0 0 1000 250 
0 0 0 0 440 0 0 0 0 1840 0 0 0 0 1880 0 0 0 0 1240 0 0 0 0 1720 500 500 500 500 -8180 0 0 0 0 1200 0 0 0 0 760 0 0 0 0 1840 0 0 0 0 1720 0 0 0 0 1160 0 0 0 0 520 0 0 0 0 1000 0 0 0 0 400 0 0 0 0 1080 0 0 0 0 440 0 0 0 0 1920 0 0 0 0 600 0 0 0 0 920 0 0 0 0 1000 
330 0 0 0 0 1380 0 0 0 0 1410 0 0 0 0 930 0 0 0 0 1290 0 0 0 0 1200 0 0 0 0 -6560 500 500 500 500 570 0 0 0 0 1380 0 0 0 0 1290 0 0 0 0 870 0 0 0 0 390 0 0 0 0 750 0 0 0 0 300 0 0 0 0 810 0 0 0 0 330 0 0 0 0 1440 0 0 0 0 450 0 0 0 0 690 0 0 0 0 750 0 0 0 0 
0 330 0 0 0 0 1380 0 0 0 0 1410 0 0 0 0 930 0 0 0 0 1290 0 0 0 0 1200 0 0 0 500 -6560 500 500 500 0 570 0 0 0 0 1380 0 0 0 0 1290 0 0 0 0 870 0 0 0 0 390 0 0 0 0 750 0 0 0 0 300 0 0 0 0 810 0 0 0 0 330 0 0 0 0 1440 0 0 0 0 450 0 0 0 0 690 0 0 0 0 750 0 0 0 
0 0 330 0 0 0 0 1380 0 0 0 0 1410 0 0 0 0 930 0 0 0 0 1290 0 0 0 0 1200 0 0 500 500 -6560 500 500 0 0 570 0 0 0 0 1380 0 0 0 0 1290 0 0 0 0 870 0 0 0 0 390 0 0 0 0 750 0 0 0 0 300 0 0 0 0 810 0 0 0 0 330 0 0 0 0 1440 0 0 0 0 450 0 0 0 0 690 0 0 0 0 750 0 0 
0 0 0 330 0 0 0 0 1380 0 0 0 0 1410 0 0 0 0 930 0 0 0 0 1290 0 0 0 0 1200 0 500 500 500 -6560 500 0 0 0 570 0 0 0 0 1380 0 0 0 0 1290 0 0 0 0 870 0 0 0 0 390 0 0 0 0 750 0 0 0 0 300 0 0 0 0 810 0 0 0 0 330 0 0 0 0 1440 0 0 0 0 450 0 0 0 0 690 0 0 0 0 750 0 
0 0 0 0 330 0 0 0 0 1380 0 0 0 0 1410 0 0 0 0 930 0 0 0 0 1290 0 0 0 0 1200 500 500 500 500 -6560 0 0 0 0 570 0 0 0 0 1380 0 0 0 0 1290 0 0 0 0 870 0 0 0 0 390 0 0 0 0 750 0 0 0 0 300 0 0 0 0 810 0 0 0 0 330 0 0 0 0 1440 0 0 0 0 450 0 0 0 0 690 0 0 0 0 750 
209 0 0 0 0 874 0 0 0 0 893 0 0 0 0 589 0 0 0 0 817 0 0 0 0 760 0 0 0 0 570 0 0 0 0 -4547 500 500 500 500 874 0 0 0 0 817 0 0 0 0 551 0 0 0 0 247 0 0 0 0 475 0 0 0 0 190 0 0 0 0 513 0 0 0 0 209 0 0 0 0 912 0 0 0 0 285 0 0 0 0 437 0 0 0 0 475 0 0 0 0 
250 209 0 0 0 0 874 0 0 0 0 893 0 0 0 0 589 0 0 0 0 817 0 0 0 250 760 0 0 0 0 570 0 0 0 500 -4547 500 500 500 250 874 0 0 0 0 817 0 0 0 0 551 0 0 0 0 247 0 0 0 250 475 0 0 0 250 190 0 0 0 250 513 0 0 0 0 209 0 0 0 0 912 0 0 0 0 285 0 0 0 0 437 0 0 0 250 475 0 0 0 
250 250 209 0 0 0 0 874 0 0 0 0 893 0 0 0 0 589 0 0 0 0 817 0 0 250 250 760 0 0 0 0 570 0 0 500 500 -4547 500 500 250 250 874 0 0 0 0 817 0 0 0 0 551 0 0 0 0 247 0 0 250 250 475 0 0 250 250 190 0 0 250 250 513 0 0 0 0 209 0 0 0 0 912 0 0 0 0 285 0 0 0 0 437 0 0 250 250 475 0 0 
250 250 250 209 0 0 0 0 874 0 0 0 0 893 0 0 0 0 589 0 0 0 0 817 0 250 250 250 760 0 0 0 0 570 0 500 500 500 -4547 500 250 250 250 874 0 0 0 0 817 0 0 0 0 551 0 0 0 0 247 0 250 250 250 475 0 250 250 250 190 0 250 250 250 513 0 0 0 0 209 0 0 0 0 912 0 0 0 0 285 0 0 0 0 437 0 250 250 250 475 0 
250 250 250 250 209 0 0 0 0 874 0 0 0 0 893 0 0 0 0 589 0 0 0 0 817 250 250 250 250 760 0 0 0 0 570 500 500 500 500 -4547 250 250 250 250 874 0 0 0 0 817 0 0 0 0 551 0 0 0 0 247 250 250 250 250 475 250 250 250 250 190 250 250 250 250 513 0 0 0 0 209 0 0 0 0 912 0 0 0 0 285 0 0 0 0 437 250 250 250 250 475 
506 250 250 250 250 2116 0 0 0 0 2162 0 0 0 0 1426 0 0 0 0 1978 0 0 0 0 1840 0 0 0 0 1380 0 0 0 0 874 250 250 250 250 -9056 500 500 500 500 1978 250 250 250 250 1334 0 0 0 0 598 0 0 0 0 1150 250 250 250 250 460 0 0 0 0 1242 0 0 0 0 506 0 0 0 0 2208 0 0 0 0 690 0 0 0 0 1058 0 0 0 0 1150 0 0 0 0 
0 506 250 250 250 0 2116 0 0 0 0 2162 0 0 0 0 1426 0 0 0 0 1978 0 0 0 250 1840 0 0 0 0 1380 0 0 0 0 874 250 250 250 500 -9056 500 500 500 0 1978 250 250 250 0 1334 0 0 0 0 598 0 0 0 0 1150 250 250 250 0 460 0 0 0 250 1242 0 0 0 0 506 0 0 0 0 2208 0 0 0 0 690 0 0 0 0 1058 0 0 0 250 1150 0 0 0 
0 0 506 250 250 0 0 2116 0 0 0 0 2162 0 0 0 0 1426 0 0 0 0 1978 0 0 250 250 1840 0 0 0 0 1380 0 0 0 0 874 250 250 500 500 -9056 500 500 0 0 1978 250 250 0 0 1334 0 0 0 0 598 0 0 0 0 1150 250 250 0 0 460 0 0 250 250 1242 0 0 0 0 506 0 0 0 0 2208 0 0 0 0 690 0 0 0 0 1058 0 0 250 250 1150 0 0 
0 0 0 506 250 0 0 0 2116 0 0 0 0 2162 0 0 0 0 1426 0 0 0 0 1978 0 250 250 250 1840 0 0 0 0 1380 0 0 0 0 874 250 500 500 500 -9056 500 0 0 0 1978 250 0 0 0 1334 0 0 0 0 598 0 0 0 0 1150 250 0 0 0 460 0 250 250 250 1242 0 0 0 0 506 0 0 0 0 2208 0 0 0 0 690 0 0 0 0 1058 0 250 250 250 1150 0 
0 0 0 0 506 0 0 0 0 2116 0 0 0 0 2162 0 0 0 0 1426 0 0 0 0 1978 250 250 250 250 1840 0 0 0 0 1380 0 0 0 0 874 500 500 500 500 -9056 0 0 0 0 1978 0 0 0 0 1334 0 0 0 0 598 0 0 0 0 1150 0 0 0 0 460 250 250 250 250 1242 0 0 0 0 506 0 0 0 0 2208 0 0 0 0 690 0 0 0 0 1058 250 250 250 250 1150 
473 0 0 0 0 1978 0 0 0 0 2021 0 0 0 0 1333 0 0 0 0 1849 0 0 0 0 1720 0 0 0 0 1290 0 0 0 0 817 0 0 0 0 1978 0 0 0 0 -8627 500 500 500 500 1247 0 0 0 0 559 0 0 0 0 1075 0 0 0 0 430 0 0 0 0 1161 0 0 0 0 473 0 0 0 0 2064 0 0 0 0 645 0 0 0 0 989 0 0 0 0 1075 0 0 0 0 
0 473 0 0 0 0 1978 0 0 0 0 2021 0 0 0 0 1333 0 0 0 0 1849 0 0 0 250 1720 0 0 0 0 1290 0 0 0 0 817 0 0 0 250 1978 0 0 0 500 -8627 500 500 500 0 1247 0 0 0 0 559 0 0 0 250 1075 0 0 0 250 430 0 0 0 250 1161 0 0 0 0 473 0 0 0 0 2064 0 0 0 0 645 0 0 0 0 989 0 0 0 250 1075 0 0 0 
0 0 473 0 0 0 0 1978 0 0 0 0 2021 0 0 0 0 1333 0 0 0 0 1849 0 0 250 250 1720 0 0 0 0 1290 0 0 0 0 817 0 0 250 250 1978 0 0 500 500 -8627 500 500 0 0 1247 0 0 0 0 559 0 0 250 250 1075 0 0 250 250 430 0 0 250 250 1161 0 0 0 0 473 0 0 0 0 2064 0 0 0 0 645 0 0 0 0 989 0 0 250 250 1075 0 0 
0 0 0 473 0 0 0 0 1978 0 0 0 0 2021 0 0 0 0 1333 0 0 0 0 1849 0 250 250 250 1720 0 0 0 0 1290 0 0 0 0 817 0 250 250 250 1978 0 500 500 500 -8627 500 0 0 0 1247 0 0 0 0 559 0 250 250 250 1075 0 250 250 250 430 0 250 250 250 1161 0 0 0 0 473 0 0 0 0 2064 0 0 0 0 645 0 0 0 0 989 0 250 250 250 1075 0 
0 0 0 0 473 0 0 0 0 1978 0 0 0 0 2021 0 0 0 0 1333 0 0 0 0 1849 250 250 250 250 1720 0 0 0 0 1290 0 0 0 0 817 250 250 250 250 1978 500 500 500 500 -8627 0 0 0 0 1247 0 0 0 0 559 250 250 250 250 1075 250 250 250 250 430 250 250 250 250 1161 0 0 0 0 473 0 0 0 0 2064 0 0 0 0 645 0 0 0 0 989 250 250 250 250 1075 
319 0 0 0 0 1334 0 0 0 0 1363 0 0 0 0 899 250 250 250 250 1247 0 0 0 0 1160 0 0 0 0 870 0 0 0 0 551 0 0 0 0 1334 0 0 0 0 1247 0 0 0 0 -6387 500 500 500 500 377 0 0 0 0 725 0 0 0 0 290 0 0 0 0 783 0 0 0 0 319 250 250 250 250 1392 0 0 0 0 435 0 0 0 0 667 0 0 0 0 725 0 0 0 0 
0 319 0 0 0 0 1334 0 0 0 0 1363 0 0 0 0 899 250 250 250 0 1247 0 0 0 0 1160 0 0 0 0 870 0 0 0 0 551 0 0 0 0 1334 0 0 0 0 1247 0 0 0 500 -6387 500 500 500 0 377 0 0 0 0 725 0 0 0 0 290 0 0 0 0 783 0 0 0 0 319 250 250 250 0 1392 0 0 0 0 435 0 0 0 0 667 0 0 0 0 725 0 0 0 
0 0 319 0 0 0 0 1334 0 0 0 0 1363 0 0 0 0 899 250 250 0 0 1247 0 0 0 0 1160 0 0 0 0 870 0 0 0 0 551 0 0 0 0 1334 0 0 0 0 1247 0 0 500 500 -6387 500 500 0 0 377 0 0 0 0 725 0 0 0 0 290 0 0 0 0 783 0 0 0 0 319 250 250 0 0 1392 0 0 0 0 435 0 0 0 0 667 0 0 0 0 725 0 0 
0 0 0 319 0 0 0 0 1334 0 0 0 0 1363 0 0 0 0 899 250 0 0 0 1247 0 0 0 0 1160 0 0 0 0 870 0 0 0 0 551 0 0 0 0 1334 0 0 0 0 1247 0 500 500 500 -6387 500 0 0 0 377 0 0 0 0 725 0 0 0 0 290 0 0 0 0 783 0 0 0 0 319 250 0 0 0 1392 0 0 0 0 435 0 0 0 0 667 0 0 0 0 725 0 
0 0 0 0 319 0 0 0 0 1334 0 0 0 0 1363 0 0 0 0 899 0 0 0 0 1247 0 0 0 0 1160 0 0 0 0 870 0 0 0 0 551 0 0 0 0 1334 0 0 0 0 1247 500 500 500 500 -6387 0 0 0 0 377 0 0 0 0 725 0 0 0 0 290 0 0 0 0 783 0 0 0 0 319 0 0 0 0 1392 0 0 0 0 435 0 0 0 0 667 0 0 0 0 725 
143 0 0 0 0 598 0 0 0 0 611 0 0 0 0 403 0 0 0 0 559 0 0 0 0 520 0 0 0 0 390 0 0 0 0 247 0 0 0 0 598 0 0 0 0 559 0 0 0 0 377 0 0 0 0 -3347 500 500 500 500 325 0 0 0 0 130 0 0 0 0 351 0 0 0 0 143 0 0 0 0 624 0 0 0 0 195 0 0 0 0 299 0 0 0 0 325 0 0 0 0 
0 143 0 0 0 250 598 0 0 0 250 611 0 0 0 0 403 0 0 0 0 559 0 0 0 0 520 0 0 0 0 390 0 0 0 0 247 0 0 0 0 598 0 0 0 0 559 0 0 0 0 377 0 0 0 500 -3347 500 500 500 0 325 0 0 0 0 130 0 0 0 0 351 0 0 0 0 143 0 0 0 0 624 0 0 0 250 195 0 0 0 0 299 0 0 0 0 325 0 0 0 
0 0 143 0 0 250 250 598 0 0 250 250 611 0 0 0 0 403 0 0 0 0 559 0 0 0 0 520 0 0 0 0 390 0 0 0 0 247 0 0 0 0 598 0 0 0 0 559 0 0 0 0 377 0 0 500 500 -3347 500 500 0 0 325 0 0 0 0 130 0 0 0 0 351 0 0 0 0 143 0 0 0 0 624 0 0 250 250 195 0 0 0 0 299 0 0 0 0 325 0 0 
0 0 0 143 0 250 250 250 598 0 250 250 250 611 0 0 0 0 403 0 0 0 0 559 0 0 0 0 520 0 0 0 0 390 0 0 0 0 247 0 0 0 0 598 0 0 0 0 559 0 0 0 0 377 0 500 500 500 -3347 500 0 0 0 325 0 0 0 0 130 0 0 0 0 351 0 0 0 0 143 0 0 0 0 624 0 250 250 250 195 0 0 0 0 299 0 0 0 0 325 0 
0 0 0 0 143 250 250 250 250 598 250 250 250 250 611 0 0 0 0 403 0 0 0 0 559 0 0 0 0 520 0 0 0 0 390 0 0 0 0 247 0 0 0 0 598 0 0 0 0 559 0 0 0 0 377 500 500 500 500 -3347 0 0 0 0 325 0 0 0 0 130 0 0 0 0 351 0 0 0 0 143 0 0 0 0 624 250 250 250 250 195 0 0 0 0 299 0 0 0 0 325 
275 250 250 250 250 1150 0 0 0 0 1175 0 0 0 0 775 0 0 0 0 1075 0 0 0 0 1000 0 0 0 0 750 0 0 0 0 475 250 250 250 250 1150 0 0 0 0 1075 250 250 250 250 725 0 0 0 0 325 0 0 0 0 -5675 500 500 500 500 250 0 0 0 0 675 0 0 0 0 275 0 0 0 0 1200 0 0 0 0 375 0 0 0 0 575 0 0 0 0 625 0 0 0 0 
0 275 250 250 250 0 1150 0 0 0 0 1175 0 0 0 0 775 0 0 0 0 1075 0 0 0 250 1000 0 0 0 0 750 0 0 0 0 475 250 250 250 250 1150 0 0 0 0 1075 250 250 250 0 725 0 0 0 0 325 0 0 0 500 -5675 500 500 500 250 250 0 0 0 250 675 0 0 0 0 275 0 0 0 0 1200 0 0 0 0 375 0 0 0 0 575 0 0 0 250 625 0 0 0 
0 0 275 250 250 0 0 1150 0 0 0 0 1175 0 0 0 0 775 0 0 0 0 1075 0 0 250 250 1000 0 0 0 0 750 0 0 0 0 475 250 250 250 250 1150 0 0 0 0 1075 250 250 0 0 725 0 0 0 0 325 0 0 500 500 -5675 500 500 250 250 250 0 0 250 250 675 0 0 0 0 275 0 0 0 0 1200 0 0 0 0 375 0 0 0 0 575 0 0 250 250 625 0 0 
0 0 0 275 250 0 0 0 1150 0 0 0 0 1175 0 0 0 0 775 0 0 0 0 1075 0 250 250 250 1000 0 0 0 0 750 0 0 0 0 475 250 250 250 250 1150 0 0 0 0 1075 250 0 0 0 725 0 0 0 0 325 0 500 500 500 -5675 500 250 250 250 250 0 250 250 250 675 0 0 0 0 275 0 0 0 0 1200 0 0 0 0 375 0 0 0 0 575 0 250 250 250 625 0 
0 0 0 0 275 0 0 0 0 1150 0 0 0 0 1175 0 0 0 0 775 0 0 0 0 1075 250 250 250 250 1000 0 0 0 0 750 0 0 0 0 475 250 250 250 250 1150 0 0 0 0 1075 0 0 0 0 725 0 0 0 0 325 500 500 500 500 -5675 250 250 250 250 250 250 250 250 250 675 0 0 0 0 275 0 0 0 0 1200 0 0 0 0 375 0 0 0 0 575 250 250 250 250 625 
110 250 250 250 250 460 0 0 0 0 470 0 0 0 0 310 0 0 0 0 430 0 0 0 0 400 0 0 0 0 300 0 0 0 0 190 250 250 250 250 460 0 0 0 0 430 250 250 250 250 290 0 0 0 0 130 0 0 0 0 250 250 250 250 250 -2720 500 500 500 500 270 0 0 0 0 110 250 250 250 250 480 0 0 0 0 150 0 0 0 0 230 0 0 0 0 250 0 0 0 0 
0 110 250 250 250 0 460 0 0 0 0 470 0 0 0 0 310 0 0 0 0 430 0 0 0 250 400 0 0 0 0 300 0 0 0 0 190 250 250 250 0 460 0 0 0 0 430 250 250 250 0 290 0 0 0 0 130 0 0 0 0 250 250 250 250 500 -2720 500 500 500 0 270 0 0 0 0 110 250 250 250 0 480 0 0 0 0 150 0 0 0 0 230 0 0 0 0 250 0 0 0 
0 0 110 250 250 0 0 460 0 0 0 0 470 0 0 0 0 310 0 0 0 0 430 0 0 250 250 400 0 0 0 0 300 0 0 0 0 190 250 250 0 0 460 0 0 0 0 430 250 250 0 0 290 0 0 0 0 130 0 0 0 0 250 250 250 500 500 -2720 500 500 0 0 270 0 0 0 0 110 250 250 0 0 480 0 0 0 0 150 0 0 0 0 230 0 0 0 0 250 0 0 
0 0 0 110 250 0 0 0 460 0 0 0 0 470 0 0 0 0 310 0 0 0 0 430 0 250 250 250 400 0 0 0 0 300 0 0 0 0 190 250 0 0 0 460 0 0 0 0 430 250 0 0 0 290 0 0 0 0 130 0 0 0 0 250 250 500 500 500 -2720 500 0 0 0 270 0 0 0 0 110 250 0 0 0 480 0 0 0 0 150 0 0 0 0 230 0 0 0 0 250 0 
0 0 0 0 110 0 0 0 0 460 0 0 0 0 470 0 0 0 0 310 0 0 0 0 430 250 250 250 250 400 0 0 0 0 300 0 0 0 0 190 0 0 0 0 460 0 0 0 0 430 0 0 0 0 290 0 0 0 0 130 0 0 0 0 250 500 500 500 500 -2720 0 0 0 0 270 0 0 0 0 110 0 0 0 0 480 0 0 0 0 150 0 0 0 0 230 0 0 0 0 250 
297 250 250 250 250 1242 0 0 0 0 1269 0 0 0 0 837 0 0 0 0 1161 0 0 0 0 1080 0 0 0 0 810 0 0 0 0 513 250 250 250 250 1242 250 250 250 250 1161 250 250 250 250 783 0 0 0 0 351 0 0 0 0 675 250 250 250 250 270 0 0 0 0 -6035 500 500 500 500 297 0 0 0 0 1296 0 0 0 0 405 0 0 0 0 621 0 0 0 0 675 250 250 250 250 
0 297 250 250 250 0 1242 0 0 0 0 1269 0 0 0 0 837 0 0 0 0 1161 0 0 0 250 1080 0 0 0 0 810 0 0 0 0 513 250 250 250 0 1242 250 250 250 0 1161 250 250 250 0 783 0 0 0 0 351 0 0 0 0 675 250 250 250 0 270 0 0 0 500 -6035 500 500 500 0 297 0 0 0 0 1296 0 0 0 0 405 0 0 0 0 621 0 0 0 250 675 250 250 250 
0 0 297 250 250 0 0 1242 0 0 0 0 1269 0 0 0 0 837 0 0 0 0 1161 0 0 250 250 1080 0 0 0 0 810 0 0 0 0 513 250 250 0 0 1242 250 250 0 0 1161 250 250 0 0 783 0 0 0 0 351 0 0 0 0 675 250 250 0 0 270 0 0 500 500 -6035 500 500 0 0 297 0 0 0 0 1296 0 0 0 0 405 0 0 0 0 621 0 0 250 250 675 250 250 
0 0 0 297 250 0 0 0 1242 0 0 0 0 1269 0 0 0 0 837 0 0 0 0 1161 0 250 250 250 1080 0 0 0 0 810 0 0 0 0 513 250 0 0 0 1242 250 0 0 0 1161 250 0 0 0 783 0 0 0 0 351 0 0 0 0 675 250 0 0 0 270 0 500 500 500 -6035 500 0 0 0 297 0 0 0 0 1296 0 0 0 0 405 0 0 0 0 621 0 250 250 250 675 250 
0 0 0 0 297 0 0 0 0 1242 0 0 0 0 1269 0 0 0 0 837 0 0 0 0 1161 250 250 250 250 1080 0 0 0 0 810 0 0 0 0 513 0 0 0 0 1242 0 0 0 0 1161 0 0 0 0 783 0 0 0 0 351 0 0 0 0 675 0 0 0 0 270 500 500 500 500 -6035 0 0 0 0 297 0 0 0 0 1296 0 0 0 0 405 0 0 0 0 621 250 250 250 250 675 
121 0 0 0 0 506 0 0 0 0 517 0 0 0 0 341 0 0 0 0 473 0 0 0 0 440 0 0 0 0 330 0 0 0 0 209 0 0 0 0 506 0 0 0 0 473 0 0 0 0 319 0 0 0 0 143 0 0 0 0 275 0 0 0 0 110 0 0 0 0 297 0 0 0 0 -2931 500 500 500 500 528 0 0 0 0 165 0 0 0 0 253 0 0 0 0 275 0 0 0 0 
0 121 0 0 0 0 506 0 0 0 250 517 0 0 0 250 341 0 0 0 0 473 0 0 0 250 440 0 0 0 0 330 0 0 0 0 209 0 0 0 0 506 0 0 0 0 473 0 0 0 250 319 0 0 0 0 143 0 0 0 0 275 0 0 0 250 110 0 0 0 0 297 0 0 0 500 -2931 500 500 500 0 528 0 0 0 0 165 0 0 0 0 253 0 0 0 0 275 0 0 0 
0 0 121 0 0 0 0 506 0 0 250 250 517 0 0 250 250 341 0 0 0 0 473 0 0 250 250 440 0 0 0 0 330 0 0 0 0 209 0 0 0 0 506 0 0 0 0 473 0 0 250 250 319 0 0 0 0 143 0 0 0 0 275 0 0 250 250 110 0 0 0 0 297 0 0 500 500 -2931 500 500 0 0 528 0 0 0 0 165 0 0 0 0 253 0 0 0 0 275 0 0 
0 0 0 121 0 0 0 0 506 0 250 250 250 517 0 250 250 250 341 0 0 0 0 473 0 250 250 250 440 0 0 0 0 330 0 0 0 0 209 0 0 0 0 506 0 0 0 0 473 0 250 250 250 319 0 0 0 0 143 0 0 0 0 275 0 250 250 250 110 0 0 0 0 297 0 500 500 500 -2931 500 0 0 0 528 0 0 0 0 165 0 0 0 0 253 0 0 0 0 275 0 
0 0 0 0 121 0 0 0 0 506 250 250 250 250 517 250 250 250 250 341 0 0 0 0 473 250 250 250 250 440 0 0 0 0 330 0 0 0 0 209 0 0 0 0 506 0 0 0 0 473 250 250 250 250 319 0 0 0 0 143 0 0 0 0 275 250 250 250 250 110 0 0 0 0 297 500 500 500 500 -2931 0 0 0 0 528 0 0 0 0 165 0 0 0 0 253 0 0 0 0 275 
528 0 0 0 0 2208 0 0 0 0 2256 0 0 0 0 1488 0 0 0 0 2064 0 0 0 0 1920 0 0 0 0 1440 0 0 0 0 912 0 0 0 0 2208 0 0 0 0 2064 0 0 0 0 1392 0 0 0 0 624 0 0 0 0 1200 0 0 0 0 480 0 0 0 0 1296 0 0 0 0 528 0 0 0 0 -9332 500 500 500 500 720 0 0 0 0 1104 0 0 0 0 1200 0 0 0 0 
0 528 0 0 0 0 2208 0 0 0 250 2256 0 0 0 0 1488 0 0 0 0 2064 0 0 0 0 1920 0 0 0 0 1440 0 0 0 0 912 0 0 0 0 2208 0 0 0 0 2064 0 0 0 0 1392 0 0 0 0 624 0 0 0 0 1200 0 0 0 0 480 0 0 0 0 1296 0 0 0 0 528 0 0 0 500 -9332 500 500 500 0 720 0 0 0 0 1104 0 0 0 0 1200 0 0 0 
0 0 528 0 0 0 0 2208 0 0 250 250 2256 0 0 0 0 1488 0 0 0 0 2064 0 0 0 0 1920 0 0 0 0 1440 0 0 0 0 912 0 0 0 0 2208 0 0 0 0 2064 0 0 0 0 1392 0 0 0 0 624 0 0 0 0 1200 0 0 0 0 480 0 0 0 0 1296 0 0 0 0 528 0 0 500 500 -9332 500 500 0 0 720 0 0 0 0 1104 0 0 0 0 1200 0 0 
0 0 0 528 0 0 0 0 2208 0 250 250 250 2256 0 0 0 0 1488 0 0 0 0 2064 0 0 0 0 1920 0 0 0 0 1440 0 0 0 0 912 0 0 0 0 2208 0 0 0 0 2064 0 0 0 0 1392 0 0 0 0 624 0 0 0 0 1200 0 0 0 0 480 0 0 0 0 1296 0 0 0 0 528 0 500 500 500 -9332 500 0 0 0 720 0 0 0 0 1104 0 0 0 0 1200 0 
0 0 0 0 528 0 0 0 0 2208 250 250 250 250 2256 0 0 0 0 1488 0 0 0 0 2064 0 0 0 0 1920 0 0 0 0 1440 0 0 0 0 912 0 0 0 0 2208 0 0 0 0 2064 0 0 0 0 1392 0 0 0 0 624 0 0 0 0 1200 0 0 0 0 480 0 0 0 0 1296 0 0 0 0 528 500 500 500 500 -9332 0 0 0 0 720 0 0 0 0 1104 0 0 0 0 1200 
165 0 0 0 0 690 0 0 0 0 705 0 0 0 0 465 0 0 0 0 645 250 250 250 250 600 0 0 0 0 450 0 0 0 0 285 0 0 0 0 690 0 0 0 0 645 0 0 0 0 435 0 0 0 0 195 250 250 250 250 375 0 0 0 0 150 0 0 0 0 405 0 0 0 0 165 0 0 0 0 720 0 0 0 0 -3755 500 500 500 500 345 0 0 0 0 375 0 0 0 0 
0 165 0 0 0 250 690 0 0 0 250 705 0 0 0 0 465 0 0 0 0 645 250 250 250 0 600 0 0 0 0 450 0 0 0 0 285 0 0 0 0 690 0 0 0 0 645 0 0 0 0 435 0 0 0 0 195 250 250 250 0 375 0 0 0 0 150 0 0 0 0 405 0 0 0 0 165 0 0 0 0 720 0 0 0 500 -3755 500 500 500 0 345 0 0 0 0 375 0 0 0 
0 0 165 0 0 250 250 690 0 0 250 250 705 0 0 0 0 465 0 0 0 0 645 250 250 0 0 600 0 0 0 0 450 0 0 0 0 285 0 0 0 0 690 0 0 0 0 645 0 0 0 0 435 0 0 0 0 195 250 250 0 0 375 0 0 0 0 150 0 0 0 0 405 0 0 0 0 165 0 0 0 0 720 0 0 500 500 -3755 500 500 0 0 345 0 0 0 0 375 0 0 
0 0 0 165 0 250 250 250 690 0 250 250 250 705 0 0 0 0 465 0 0 0 0 645 250 0 0 0 600 0 0 0 0 450 0 0 0 0 285 0 0 0 0 690 0 0 0 0 645 0 0 0 0 435 0 0 0 0 195 250 0 0 0 375 0 0 0 0 150 0 0 0 0 405 0 0 0 0 165 0 0 0 0 720 0 500 500 500 -3755 500 0 0 0 345 0 0 0 0 375 0 
0 0 0 0 165 250 250 250 250 690 250 250 250 250 705 0 0 0 0 465 0 0 0 0 645 0 0 0 0 600 0 0 0 0 450 0 0 0 0 285 0 0 0 0 690 0 0 0 0 645 0 0 0 0 435 0 0 0 0 195 0 0 0 0 375 0 0 0 0 150 0 0 0 0 405 0 0 0 0 165 0 0 0 0 720 500 500 500 500 -3755 0 0 0 0 345 0 0 0 0 375 
253 0 0 0 0 1058 0 0 0 0 1081 0 0 0 0 713 0 0 0 0 989 0 0 0 0 920 0 0 0 0 690 0 0 0 0 437 0 0 0 0 1058 0 0 0 0 989 0 0 0 0 667 0 0 0 0 299 0 0 0 0 575 0 0 0 0 230 0 0 0 0 621 0 0 0 0 253 0 0 0 0 1104 0 0 0 0 345 0 0 0 0 -5307 500 500 500 500 575 0 0 0 0 
0 253 0 0 0 0 1058 0 0 0 0 1081 0 0 0 0 713 0 0 0 0 989 0 0 0 0 920 0 0 0 0 690 0 0 0 0 437 0 0 0 0 1058 0 0 0 0 989 0 0 0 0 667 0 0 0 0 299 0 0 0 0 575 0 0 0 0 230 0 0 0 0 621 0 0 0 0 253 0 0 0 0 1104 0 0 0 0 345 0 0 0 500 -5307 500 500 500 0 575 0 0 0 
0 0 253 0 0 0 0 1058 0 0 0 0 1081 0 0 0 0 713 0 0 0 0 989 0 0 0 0 920 0 0 0 0 690 0 0 0 0 437 0 0 0 0 1058 0 0 0 0 989 0 0 0 0 667 0 0 0 0 299 0 0 0 0 575 0 0 0 0 230 0 0 0 0 621 0 0 0 0 253 0 0 0 0 1104 0 0 0 0 345 0 0 500 500 -5307 500 500 0 0 575 0 0 
0 0 0 253 0 0 0 0 1058 0 0 0 0 1081 0 0 0 0 713 0 0 0 0 989 0 0 0 0 920 0 0 0 0 690 0 0 0 0 437 0 0 0 0 1058 0 0 0 0 989 0 0 0 0 667 0 0 0 0 299 0 0 0 0 575 0 0 0 0 230 0 0 0 0 621 0 0 0 0 253 0 0 0 0 1104 0 0 0 0 345 0 500 500 500 -5307 500 0 0 0 575 0 
0 0 0 0 253 0 0 0 0 1058 0 0 0 0 1081 0 0 0 0 713 0 0 0 0 989 0 0 0 0 920 0 0 0 0 690 0 0 0 0 437 0 0 0 0 1058 0 0 0 0 989 0 0 0 0 667 0 0 0 0 299 0 0 0 0 575 0 0 0 0 230 0 0 0 0 621 0 0 0 0 253 0 0 0 0 1104 0 0 0 0 345 500 500 500 500 -5307 0 0 0 0 575 
275 250 250 250 250 1150 0 0 0 0 1175 0 0 0 0 775 0 0 0 0 1075 0 0 0 0 1000 0 0 0 0 750 0 0 0 0 475 250 250 250 250 1150 250 250 250 250 1075 250 250 250 250 725 0 0 0 0 325 0 0 0 0 625 250 250 250 250 250 0 0 0 0 675 250 250 250 250 275 0 0 0 0 1200 0 0 0 0 375 0 0 0 0 575 0 0 0 0 -5675 500 500 500 500 
0 275 250 250 250 0 1150 0 0 0 0 1175 0 0 0 0 775 0 0 0 0 1075 0 0 0 250 1000 0 0 0 0 750 0 0 0 0 475 250 250 250 0 1150 250 250 250 0 1075 250 250 250 0 725 0 0 0 0 325 0 0 0 0 625 250 250 250 0 250 0 0 0 250 675 250 250 250 0 275 0 0 0 0 1200 0 0 0 0 375 0 0 0 0 575 0 0 0 500 -5675 500 500 500 
0 0 275 250 250 0 0 1150 0 0 0 0 1175 0 0 0 0 775 0 0 0 0 1075 0 0 250 250 1000 0 0 0 0 750 0 0 0 0 475 250 250 0 0 1150 250 250 0 0 1075 250 250 0 0 725 0 0 0 0 325 0 0 0 0 625 250 250 0 0 250 0 0 250 250 675 250 250 0 0 275 0 0 0 0 1200 0 0 0 0 375 0 0 0 0 575 0 0 500 500 -5675 500 500 
0 0 0 275 250 0 0 0 1150 0 0 0 0 1175 0 0 0 0 775 0 0 0 0 1075 0 250 250 250 1000 0 0 0 0 750 0 0 0 0 475 250 0 0 0 1150 250 0 0 0 1075 250 0 0 0 725 0 0 0 0 325 0 0 0 0 625 250 0 0 0 250 0 250 250 250 675 250 0 0 0 275 0 0 0 0 1200 0 0 0 0 375 0 0 0 0 575 0 500 500 500 -5675 500 
0 0 0 0 275 0 0 0 0 1150 0 0 0 0 1175 0 0 0 0 775 0 0 0 0 1075 250 250 250 250 1000 0 0 0 0 750 0 0 0 0 475 0 0 0 0 1150 0 0 0 0 1075 0 0 0 0 725 0 0 0 0 325 0 0 0 0 625 0 0 0 0 250 250 250 250 250 675 0 0 0 0 275 0 0 0 0 1200 0 0 0 0 375 0 0 0 0 575 500 500 500 500 -5675 
