100 1 
-147 200 200 200 200 200 200 200 200 200 200 72 0 0 0 0 0 0 0 0 200 74 0 0 0 0 0 0 0 0 200 71 0 0 0 0 0 0 0 0 200 33 0 0 0 0 0 0 0 0 200 68 0 0 0 0 0 0 0 0 200 50 0 0 0 0 0 0 0 0 200 43 0 0 0 0 0 0 0 0 200 27 0 0 0 0 0 0 0 0 200 59 0 0 0 0 0 0 0 0 
0 -200 200 200 200 200 200 200 200 200 72 200 72 0 0 0 0 0 0 0 74 200 74 0 0 0 0 0 0 0 71 200 71 0 0 0 0 0 0 0 33 200 33 0 0 0 0 0 0 0 68 200 68 0 0 0 0 0 0 0 50 200 50 0 0 0 0 0 0 0 43 200 43 0 0 0 0 0 0 0 27 200 27 0 0 0 0 0 0 0 59 200 59 0 0 0 0 0 0 0 
0 0 -200 200 200 200 200 200 200 200 0 72 200 72 0 0 0 0 0 0 0 74 200 74 0 0 0 0 0 0 0 71 200 71 0 0 0 0 0 0 0 33 200 33 0 0 0 0 0 0 0 68 200 68 0 0 0 0 0 0 0 50 200 50 0 0 0 0 0 0 0 43 200 43 0 0 0 0 0 0 0 27 200 27 0 0 0 0 0 0 0 59 200 59 0 0 0 0 0 0 
0 0 0 -200 200 200 200 200 200 200 0 0 72 200 72 0 0 0 0 0 0 0 74 200 74 0 0 0 0 0 0 0 71 200 71 0 0 0 0 0 0 0 33 200 33 0 0 0 0 0 0 0 68 200 68 0 0 0 0 0 0 0 50 200 50 0 0 0 0 0 0 0 43 200 43 0 0 0 0 0 0 0 27 200 27 0 0 0 0 0 0 0 59 200 59 0 0 0 0 0 
0 0 0 0 -200 200 200 200 200 200 0 0 0 72 200 72 0 0 0 0 0 0 0 74 200 74 0 0 0 0 0 0 0 71 200 71 0 0 0 0 0 0 0 33 200 33 0 0 0 0 0 0 0 68 200 68 0 0 0 0 0 0 0 50 200 50 0 0 0 0 0 0 0 43 200 43 0 0 0 0 0 0 0 27 200 27 0 0 0 0 0 0 0 59 200 59 0 0 0 0 
0 0 0 0 0 -200 200 200 200 200 0 0 0 0 72 200 72 0 0 0 0 0 0 0 74 200 74 0 0 0 0 0 0 0 71 200 71 0 0 0 0 0 0 0 33 200 33 0 0 0 0 0 0 0 68 200 68 0 0 0 0 0 0 0 50 200 50 0 0 0 0 0 0 0 43 200 43 0 0 0 0 0 0 0 27 200 27 0 0 0 0 0 0 0 59 200 59 0 0 0 
0 0 0 0 0 0 -200 200 200 200 0 0 0 0 0 72 200 72 0 0 0 0 0 0 0 74 200 74 0 0 0 0 0 0 0 71 200 71 0 0 0 0 0 0 0 33 200 33 0 0 0 0 0 0 0 68 200 68 0 0 0 0 0 0 0 50 200 50 0 0 0 0 0 0 0 43 200 43 0 0 0 0 0 0 0 27 200 27 0 0 0 0 0 0 0 59 200 59 0 0 
0 0 0 0 0 0 0 -200 200 200 0 0 0 0 0 0 72 200 72 0 0 0 0 0 0 0 74 200 74 0 0 0 0 0 0 0 71 200 71 0 0 0 0 0 0 0 33 200 33 0 0 0 0 0 0 0 68 200 68 0 0 0 0 0 0 0 50 200 50 0 0 0 0 0 0 0 43 200 43 0 0 0 0 0 0 0 27 200 27 0 0 0 0 0 0 0 59 200 59 0 
0 0 0 0 0 0 0 0 -200 200 0 0 0 0 0 0 0 72 200 72 0 0 0 0 0 0 0 74 200 74 0 0 0 0 0 0 0 71 200 71 0 0 0 0 0 0 0 33 200 33 0 0 0 0 0 0 0 68 200 68 0 0 0 0 0 0 0 50 200 50 0 0 0 0 0 0 0 43 200 43 0 0 0 0 0 0 0 27 200 27 0 0 0 0 0 0 0 59 200 59 
0 0 0 0 0 0 0 0 0 -147 0 0 0 0 0 0 0 0 72 200 0 0 0 0 0 0 0 0 74 200 0 0 0 0 0 0 0 0 71 200 0 0 0 0 0 0 0 0 33 200 0 0 0 0 0 0 0 0 68 200 0 0 0 0 0 0 0 0 50 200 0 0 0 0 0 0 0 0 43 200 0 0 0 0 0 0 0 0 27 200 0 0 0 0 0 0 0 0 59 200 
0 0 0 0 0 0 0 0 0 0 -168 200 200 200 200 200 200 200 200 200 200 14 0 0 0 0 0 0 0 0 200 55 0 0 0 0 0 0 0 0 200 39 0 0 0 0 0 0 0 0 200 80 0 0 0 0 0 0 0 0 200 26 0 0 0 0 0 0 0 0 200 80 0 0 0 0 0 0 0 0 200 48 0 0 0 0 0 0 0 0 200 53 0 0 0 0 0 0 0 0 
0 0 0 0 0 0 0 0 0 0 0 -200 200 200 200 200 200 200 200 200 14 200 14 0 0 0 0 0 0 0 55 200 55 0 0 0 0 0 0 0 39 200 39 0 0 0 0 0 0 0 80 200 80 0 0 0 0 0 0 0 26 200 26 0 0 0 0 0 0 0 80 200 80 0 0 0 0 0 0 0 48 200 48 0 0 0 0 0 0 0 53 200 53 0 0 0 0 0 0 0 
0 0 0 0 0 0 0 0 0 0 0 0 -200 200 200 200 200 200 200 200 0 14 200 14 0 0 0 0 0 0 0 55 200 55 0 0 0 0 0 0 0 39 200 39 0 0 0 0 0 0 0 80 200 80 0 0 0 0 0 0 0 26 200 26 0 0 0 0 0 0 0 80 200 80 0 0 0 0 0 0 0 48 200 48 0 0 0 0 0 0 0 53 200 53 0 0 0 0 0 0 
0 0 0 0 0 0 0 0 0 0 0 0 0 -200 200 200 200 200 200 200 0 0 14 200 14 0 0 0 0 0 0 0 55 200 55 0 0 0 0 0 0 0 39 200 39 0 0 0 0 0 0 0 80 200 80 0 0 0 0 0 0 0 26 200 26 0 0 0 0 0 0 0 80 200 80 0 0 0 0 0 0 0 48 200 48 0 0 0 0 0 0 0 53 200 53 0 0 0 0 0 
0 0 0 0 0 0 0 0 0 0 0 0 0 0 -200 200 200 200 200 200 0 0 0 14 200 14 0 0 0 0 0 0 0 55 200 55 0 0 0 0 0 0 0 39 200 39 0 0 0 0 0 0 0 80 200 80 0 0 0 0 0 0 0 26 200 26 0 0 0 0 0 0 0 80 200 80 0 0 0 0 0 0 0 48 200 48 0 0 0 0 0 0 0 53 200 53 0 0 0 0 
0 0 0 0 0 0 0 0 0 0 0 0 0 0 0 -200 200 200 200 200 0 0 0 0 14 200 14 0 0 0 0 0 0 0 55 200 55 0 0 0 0 0 0 0 39 200 39 0 0 0 0 0 0 0 80 200 80 0 0 0 0 0 0 0 26 200 26 0 0 0 0 0 0 0 80 200 80 0 0 0 0 0 0 0 48 200 48 0 0 0 0 0 0 0 53 200 53 0 0 0 
0 0 0 0 0 0 0 0 0 0 0 0 0 0 0 0 -200 200 200 200 0 0 0 0 0 14 200 14 0 0 0 0 0 0 0 55 200 55 0 0 0 0 0 0 0 39 200 39 0 0 0 0 0 0 0 80 200 80 0 0 0 0 0 0 0 26 200 26 0 0 0 0 0 0 0 80 200 80 0 0 0 0 0 0 0 48 200 48 0 0 0 0 0 0 0 53 200 53 0 0 
0 0 0 0 0 0 0 0 0 0 0 0 0 0 0 0 0 -200 200 200 0 0 0 0 0 0 14 200 14 0 0 0 0 0 0 0 55 200 55 0 0 0 0 0 0 0 39 200 39 0 0 0 0 0 0 0 80 200 80 0 0 0 0 0 0 0 26 200 26 0 0 0 0 0 0 0 80 200 80 0 0 0 0 0 0 0 48 200 48 0 0 0 0 0 0 0 53 200 53 0 
0 0 0 0 0 0 0 0 0 0 0 0 0 0 0 0 0 0 -200 200 0 0 0 0 0 0 0 14 200 14 0 0 0 0 0 0 0 55 200 55 0 0 0 0 0 0 0 39 200 39 0 0 0 0 0 0 0 80 200 80 0 0 0 0 0 0 0 26 200 26 0 0 0 0 0 0 0 80 200 80 0 0 0 0 0 0 0 48 200 48 0 0 0 0 0 0 0 53 200 53 
0 0 0 0 0 0 0 0 0 0 0 0 0 0 0 0 0 0 0 -168 0 0 0 0 0 0 0 0 14 200 0 0 0 0 0 0 0 0 55 200 0 0 0 0 0 0 0 0 39 200 0 0 0 0 0 0 0 0 80 200 0 0 0 0 0 0 0 0 26 200 0 0 0 0 0 0 0 0 80 200 0 0 0 0 0 0 0 0 48 200 0 0 0 0 0 0 0 0 53 200 
0 0 0 0 0 0 0 0 0 0 0 0 0 0 0 0 0 0 0 0 -175 200 200 200 200 200 200 200 200 200 200 43 0 0 0 0 0 0 0 0 200 42 0 0 0 0 0 0 0 0 200 70 0 0 0 0 0 0 0 0 200 37 0 0 0 0 0 0 0 0 200 74 0 0 0 0 0 0 0 0 200 48 0 0 0 0 0 0 0 0 200 43 0 0 0 0 0 0 0 0 
0 0 0 0 0 0 0 0 0 0 0 0 0 0 0 0 0 0 0 0 0 -200 200 200 200 200 200 200 200 200 43 200 43 0 0 0 0 0 0 0 42 200 42 0 0 0 0 0 0 0 70 200 70 0 0 0 0 0 0 0 37 200 37 0 0 0 0 0 0 0 74 200 74 0 0 0 0 0 0 0 48 200 48 0 0 0 0 0 0 0 43 200 43 0 0 0 0 0 0 0 
0 0 0 0 0 0 0 0 0 0 0 0 0 0 0 0 0 0 0 0 0 0 -200 200 200 200 200 200 200 200 0 43 200 43 0 0 0 0 0 0 0 42 200 42 0 0 0 0 0 0 0 70 200 70 0 0 0 0 0 0 0 37 200 37 0 0 0 0 0 0 0 74 200 74 0 0 0 0 0 0 0 48 200 48 0 0 0 0 0 0 0 43 200 43 0 0 0 0 0 0 
0 0 0 0 0 0 0 0 0 0 0 0 0 0 0 0 0 0 0 0 0 0 0 -200 200 200 200 200 200 200 0 0 43 200 43 0 0 0 0 0 0 0 42 200 42 0 0 0 0 0 0 0 70 200 70 0 0 0 0 0 0 0 37 200 37 0 0 0 0 0 0 0 74 200 74 0 0 0 0 0 0 0 48 200 48 0 0 0 0 0 0 0 43 200 43 0 0 0 0 0 
0 0 0 0 0 0 0 0 0 0 0 0 0 0 0 0 0 0 0 0 0 0 0 0 -200 200 200 200 200 200 0 0 0 43 200 43 0 0 0 0 0 0 0 42 200 42 0 0 0 0 0 0 0 70 200 70 0 0 0 0 0 0 0 37 200 37 0 0 0 0 0 0 0 74 200 74 0 0 0 0 0 0 0 48 200 48 0 0 0 0 0 0 0 43 200 43 0 0 0 0 
0 0 0 0 0 0 0 0 0 0 0 0 0 0 0 0 0 0 0 0 0 0 0 0 0 -200 200 200 200 200 0 0 0 0 43 200 43 0 0 0 0 0 0 0 42 200 42 0 0 0 0 0 0 0 70 200 70 0 0 0 0 0 0 0 37 200 37 0 0 0 0 0 0 0 74 200 74 0 0 0 0 0 0 0 48 200 48 0 0 0 0 0 0 0 43 200 43 0 0 0 
0 0 0 0 0 0 0 0 0 0 0 0 0 0 0 0 0 0 0 0 0 0 0 0 0 0 -200 200 200 200 0 0 0 0 0 43 200 43 0 0 0 0 0 0 0 42 200 42 0 0 0 0 0 0 0 70 200 70 0 0 0 0 0 0 0 37 200 37 0 0 0 0 0 0 0 74 200 74 0 0 0 0 0 0 0 48 200 48 0 0 0 0 0 0 0 43 200 43 0 0 
0 0 0 0 0 0 0 0 0 0 0 0 0 0 0 0 0 0 0 0 0 0 0 0 0 0 0 -200 200 200 0 0 0 0 0 0 43 200 43 0 0 0 0 0 0 0 42 200 42 0 0 0 0 0 0 0 70 200 70 0 0 0 0 0 0 0 37 200 37 0 0 0 0 0 0 0 74 200 74 0 0 0 0 0 0 0 48 200 48 0 0 0 0 0 0 0 43 200 43 0 
0 0 0 0 0 0 0 0 0 0 0 0 0 0 0 0 0 0 0 0 0 0 0 0 0 0 0 0 -200 200 0 0 0 0 0 0 0 43 200 43 0 0 0 0 0 0 0 42 200 42 0 0 0 0 0 0 0 70 200 70 0 0 0 0 0 0 0 37 200 37 0 0 0 0 0 0 0 74 200 74 0 0 0 0 0 0 0 48 200 48 0 0 0 0 0 0 0 43 200 43 
0 0 0 0 0 0 0 0 0 0 0 0 0 0 0 0 0 0 0 0 0 0 0 0 0 0 0 0 0 -175 0 0 0 0 0 0 0 0 43 200 0 0 0 0 0 0 0 0 42 200 0 0 0 0 0 0 0 0 70 200 0 0 0 0 0 0 0 0 37 200 0 0 0 0 0 0 0 0 74 200 0 0 0 0 0 0 0 0 48 200 0 0 0 0 0 0 0 0 43 200 
0 0 0 0 0 0 0 0 0 0 0 0 0 0 0 0 0 0 0 0 0 0 0 0 0 0 0 0 0 0 -172 200 200 200 200 200 200 200 200 200 200 52 0 0 0 0 0 0 0 0 200 29 0 0 0 0 0 0 0 0 200 64 0 0 0 0 0 0 0 0 200 45 0 0 0 0 0 0 0 0 200 46 0 0 0 0 0 0 0 0 200 11 0 0 0 0 0 0 0 0 
0 0 0 0 0 0 0 0 0 0 0 0 0 0 0 0 0 0 0 0 0 0 0 0 0 0 0 0 0 0 0 -200 200 200 200 200 200 200 200 200 52 200 52 0 0 0 0 0 0 0 29 200 29 0 0 0 0 0 0 0 64 200 64 0 0 0 0 0 0 0 45 200 45 0 0 0 0 0 0 0 46 200 46 0 0 0 0 0 0 0 11 200 11 0 0 0 0 0 0 0 
0 0 0 0 0 0 0 0 0 0 0 0 0 0 0 0 0 0 0 0 0 0 0 0 0 0 0 0 0 0 0 0 -200 200 200 200 200 200 200 200 0 52 200 52 0 0 0 0 0 0 0 29 200 29 0 0 0 0 0 0 0 64 200 64 0 0 0 0 0 0 0 45 200 45 0 0 0 0 0 0 0 46 200 46 0 0 0 0 0 0 0 11 200 11 0 0 0 0 0 0 
0 0 0 0 0 0 0 0 0 0 0 0 0 0 0 0 0 0 0 0 0 0 0 0 0 0 0 0 0 0 0 0 0 -200 200 200 200 200 200 200 0 0 52 200 52 0 0 0 0 0 0 0 29 200 29 0 0 0 0 0 0 0 64 200 64 0 0 0 0 0 0 0 45 200 45 0 0 0 0 0 0 0 46 200 46 0 0 0 0 0 0 0 11 200 11 0 0 0 0 0 
0 0 0 0 0 0 0 0 0 0 0 0 0 0 0 0 0 0 0 0 0 0 0 0 0 0 0 0 0 0 0 0 0 0 -200 200 200 200 200 200 0 0 0 52 200 52 0 0 0 0 0 0 0 29 200 29 0 0 0 0 0 0 0 64 200 64 0 0 0 0 0 0 0 45 200 45 0 0 0 0 0 0 0 46 200 46 0 0 0 0 0 0 0 11 200 11 0 0 0 0 
0 0 0 0 0 0 0 0 0 0 0 0 0 0 0 0 0 0 0 0 0 0 0 0 0 0 0 0 0 0 0 0 0 0 0 -200 200 200 200 200 0 0 0 0 52 200 52 0 0 0 0 0 0 0 29 200 29 0 0 0 0 0 0 0 64 200 64 0 0 0 0 0 0 0 45 200 45 0 0 0 0 0 0 0 46 200 46 0 0 0 0 0 0 0 11 200 11 0 0 0 
0 0 0 0 0 0 0 0 0 0 0 0 0 0 0 0 0 0 0 0 0 0 0 0 0 0 0 0 0 0 0 0 0 0 0 0 -200 200 200 200 0 0 0 0 0 52 200 52 0 0 0 0 0 0 0 29 200 29 0 0 0 0 0 0 0 64 200 64 0 0 0 0 0 0 0 45 200 45 0 0 0 0 0 0 0 46 200 46 0 0 0 0 0 0 0 11 200 11 0 0 
0 0 0 0 0 0 0 0 0 0 0 0 0 0 0 0 0 0 0 0 0 0 0 0 0 0 0 0 0 0 0 0 0 0 0 0 0 -200 200 200 0 0 0 0 0 0 52 200 52 0 0 0 0 0 0 0 29 200 29 0 0 0 0 0 0 0 64 200 64 0 0 0 0 0 0 0 45 200 45 0 0 0 0 0 0 0 46 200 46 0 0 0 0 0 0 0 11 200 11 0 
0 0 0 0 0 0 0 0 0 0 0 0 0 0 0 0 0 0 0 0 0 0 0 0 0 0 0 0 0 0 0 0 0 0 0 0 0 0 -200 200 0 0 0 0 0 0 0 52 200 52 0 0 0 0 0 0 0 29 200 29 0 0 0 0 0 0 0 64 200 64 0 0 0 0 0 0 0 45 200 45 0 0 0 0 0 0 0 46 200 46 0 0 0 0 0 0 0 11 200 11 
0 0 0 0 0 0 0 0 0 0 0 0 0 0 0 0 0 0 0 0 0 0 0 0 0 0 0 0 0 0 0 0 0 0 0 0 0 0 0 -172 0 0 0 0 0 0 0 0 52 200 0 0 0 0 0 0 0 0 29 200 0 0 0 0 0 0 0 0 64 200 0 0 0 0 0 0 0 0 45 200 0 0 0 0 0 0 0 0 46 200 0 0 0 0 0 0 0 0 11 200 
0 0 0 0 0 0 0 0 0 0 0 0 0 0 0 0 0 0 0 0 0 0 0 0 0 0 0 0 0 0 0 0 0 0 0 0 0 0 0 0 -173 200 200 200 200 200 200 200 200 200 200 64 0 0 0 0 0 0 0 0 200 21 0 0 0 0 0 0 0 0 200 51 0 0 0 0 0 0 0 0 200 13 0 0 0 0 0 0 0 0 200 43 0 0 0 0 0 0 0 0 
0 0 0 0 0 0 0 0 0 0 0 0 0 0 0 0 0 0 0 0 0 0 0 0 0 0 0 0 0 0 0 0 0 0 0 0 0 0 0 0 0 -200 200 200 200 200 200 200 200 200 64 200 64 0 0 0 0 0 0 0 21 200 21 0 0 0 0 0 0 0 51 200 51 0 0 0 0 0 0 0 13 200 13 0 0 0 0 0 0 0 43 200 43 0 0 0 0 0 0 0 
0 0 0 0 0 0 0 0 0 0 0 0 0 0 0 0 0 0 0 0 0 0 0 0 0 0 0 0 0 0 0 0 0 0 0 0 0 0 0 0 0 0 -200 200 200 200 200 200 200 200 0 64 200 64 0 0 0 0 0 0 0 21 200 21 0 0 0 0 0 0 0 51 200 51 0 0 0 0 0 0 0 13 200 13 0 0 0 0 0 0 0 43 200 43 0 0 0 0 0 0 
0 0 0 0 0 0 0 0 0 0 0 0 0 0 0 0 0 0 0 0 0 0 0 0 0 0 0 0 0 0 0 0 0 0 0 0 0 0 0 0 0 0 0 -200 200 200 200 200 200 200 0 0 64 200 64 0 0 0 0 0 0 0 21 200 21 0 0 0 0 0 0 0 51 200 51 0 0 0 0 0 0 0 13 200 13 0 0 0 0 0 0 0 43 200 43 0 0 0 0 0 
0 0 0 0 0 0 0 0 0 0 0 0 0 0 0 0 0 0 0 0 0 0 0 0 0 0 0 0 0 0 0 0 0 0 0 0 0 0 0 0 0 0 0 0 -200 200 200 200 200 200 0 0 0 64 200 64 0 0 0 0 0 0 0 21 200 21 0 0 0 0 0 0 0 51 200 51 0 0 0 0 0 0 0 13 200 13 0 0 0 0 0 0 0 43 200 43 0 0 0 0 
0 0 0 0 0 0 0 0 0 0 0 0 0 0 0 0 0 0 0 0 0 0 0 0 0 0 0 0 0 0 0 0 0 0 0 0 0 0 0 0 0 0 0 0 0 -200 200 200 200 200 0 0 0 0 64 200 64 0 0 0 0 0 0 0 21 200 21 0 0 0 0 0 0 0 51 200 51 0 0 0 0 0 0 0 13 200 13 0 0 0 0 0 0 0 43 200 43 0 0 0 
0 0 0 0 0 0 0 0 0 0 0 0 0 0 0 0 0 0 0 0 0 0 0 0 0 0 0 0 0 0 0 0 0 0 0 0 0 0 0 0 0 0 0 0 0 0 -200 200 200 200 0 0 0 0 0 64 200 64 0 0 0 0 0 0 0 21 200 21 0 0 0 0 0 0 0 51 200 51 0 0 0 0 0 0 0 13 200 13 0 0 0 0 0 0 0 43 200 43 0 0 
0 0 0 0 0 0 0 0 0 0 0 0 0 0 0 0 0 0 0 0 0 0 0 0 0 0 0 0 0 0 0 0 0 0 0 0 0 0 0 0 0 0 0 0 0 0 0 -200 200 200 0 0 0 0 0 0 64 200 64 0 0 0 0 0 0 0 21 200 21 0 0 0 0 0 0 0 51 200 51 0 0 0 0 0 0 0 13 200 13 0 0 0 0 0 0 0 43 200 43 0 
0 0 0 0 0 0 0 0 0 0 0 0 0 0 0 0 0 0 0 0 0 0 0 0 0 0 0 0 0 0 0 0 0 0 0 0 0 0 0 0 0 0 0 0 0 0 0 0 -200 200 0 0 0 0 0 0 0 64 200 64 0 0 0 0 0 0 0 21 200 21 0 0 0 0 0 0 0 51 200 51 0 0 0 0 0 0 0 13 200 13 0 0 0 0 0 0 0 43 200 43 
0 0 0 0 0 0 0 0 0 0 0 0 0 0 0 0 0 0 0 0 0 0 0 0 0 0 0 0 0 0 0 0 0 0 0 0 0 0 0 0 0 0 0 0 0 0 0 0 0 -173 0 0 0 0 0 0 0 0 64 200 0 0 0 0 0 0 0 0 21 200 0 0 0 0 0 0 0 0 51 200 0 0 0 0 0 0 0 0 13 200 0 0 0 0 0 0 0 0 43 200 
0 0 0 0 0 0 0 0 0 0 0 0 0 0 0 0 0 0 0 0 0 0 0 0 0 0 0 0 0 0 0 0 0 0 0 0 0 0 0 0 0 0 0 0 0 0 0 0 0 0 -152 200 200 200 200 200 200 200 200 200 200 81 0 0 0 0 0 0 0 0 200 28 0 0 0 0 0 0 0 0 200 52 0 0 0 0 0 0 0 0 200 27 0 0 0 0 0 0 0 0 
0 0 0 0 0 0 0 0 0 0 0 0 0 0 0 0 0 0 0 0 0 0 0 0 0 0 0 0 0 0 0 0 0 0 0 0 0 0 0 0 0 0 0 0 0 0 0 0 0 0 0 -200 200 200 200 200 200 200 200 200 81 200 81 0 0 0 0 0 0 0 28 200 28 0 0 0 0 0 0 0 52 200 52 0 0 0 0 0 0 0 27 200 27 0 0 0 0 0 0 0 
0 0 0 0 0 0 0 0 0 0 0 0 0 0 0 0 0 0 0 0 0 0 0 0 0 0 0 0 0 0 0 0 0 0 0 0 0 0 0 0 0 0 0 0 0 0 0 0 0 0 0 0 -200 200 200 200 200 200 200 200 0 81 200 81 0 0 0 0 0 0 0 28 200 28 0 0 0 0 0 0 0 52 200 52 0 0 0 0 0 0 0 27 200 27 0 0 0 0 0 0 
0 0 0 0 0 0 0 0 0 0 0 0 0 0 0 0 0 0 0 0 0 0 0 0 0 0 0 0 0 0 0 0 0 0 0 0 0 0 0 0 0 0 0 0 0 0 0 0 0 0 0 0 0 -200 200 200 200 200 200 200 0 0 81 200 81 0 0 0 0 0 0 0 28 200 28 0 0 0 0 0 0 0 52 200 52 0 0 0 0 0 0 0 27 200 27 0 0 0 0 0 
0 0 0 0 0 0 0 0 0 0 0 0 0 0 0 0 0 0 0 0 0 0 0 0 0 0 0 0 0 0 0 0 0 0 0 0 0 0 0 0 0 0 0 0 0 0 0 0 0 0 0 0 0 0 -200 200 200 200 200 200 0 0 0 81 200 81 0 0 0 0 0 0 0 28 200 28 0 0 0 0 0 0 0 52 200 52 0 0 0 0 0 0 0 27 200 27 0 0 0 0 
0 0 0 0 0 0 0 0 0 0 0 0 0 0 0 0 0 0 0 0 0 0 0 0 0 0 0 0 0 0 0 0 0 0 0 0 0 0 0 0 0 0 0 0 0 0 0 0 0 0 0 0 0 0 0 -200 200 200 200 200 0 0 0 0 81 200 81 0 0 0 0 0 0 0 28 200 28 0 0 0 0 0 0 0 52 200 52 0 0 0 0 0 0 0 27 200 27 0 0 0 
0 0 0 0 0 0 0 0 0 0 0 0 0 0 0 0 0 0 0 0 0 0 0 0 0 0 0 0 0 0 0 0 0 0 0 0 0 0 0 0 0 0 0 0 0 0 0 0 0 0 0 0 0 0 0 0 -200 200 200 200 0 0 0 0 0 81 200 81 0 0 0 0 0 0 0 28 200 28 0 0 0 0 0 0 0 52 200 52 0 0 0 0 0 0 0 27 200 27 0 0 
0 0 0 0 0 0 0 0 0 0 0 0 0 0 0 0 0 0 0 0 0 0 0 0 0 0 0 0 0 0 0 0 0 0 0 0 0 0 0 0 0 0 0 0 0 0 0 0 0 0 0 0 0 0 0 0 0 -200 200 200 0 0 0 0 0 0 81 200 81 0 0 0 0 0 0 0 28 200 28 0 0 0 0 0 0 0 52 200 52 0 0 0 0 0 0 0 27 200 27 0 
0 0 0 0 0 0 0 0 0 0 0 0 0 0 0 0 0 0 0 0 0 0 0 0 0 0 0 0 0 0 0 0 0 0 0 0 0 0 0 0 0 0 0 0 0 0 0 0 0 0 0 0 0 0 0 0 0 0 -200 200 0 0 0 0 0 0 0 81 200 81 0 0 0 0 0 0 0 28 200 28 0 0 0 0 0 0 0 52 200 52 0 0 0 0 0 0 0 27 200 27 
0 0 0 0 0 0 0 0 0 0 0 0 0 0 0 0 0 0 0 0 0 0 0 0 0 0 0 0 0 0 0 0 0 0 0 0 0 0 0 0 0 0 0 0 0 0 0 0 0 0 0 0 0 0 0 0 0 0 0 -152 0 0 0 0 0 0 0 0 81 200 0 0 0 0 0 0 0 0 28 200 0 0 0 0 0 0 0 0 52 200 0 0 0 0 0 0 0 0 27 200 
0 0 0 0 0 0 0 0 0 0 0 0 0 0 0 0 0 0 0 0 0 0 0 0 0 0 0 0 0 0 0 0 0 0 0 0 0 0 0 0 0 0 0 0 0 0 0 0 0 0 0 0 0 0 0 0 0 0 0 0 -164 200 200 200 200 200 200 200 200 200 200 71 0 0 0 0 0 0 0 0 200 34 0 0 0 0 0 0 0 0 200 57 0 0 0 0 0 0 0 0 
0 0 0 0 0 0 0 0 0 0 0 0 0 0 0 0 0 0 0 0 0 0 0 0 0 0 0 0 0 0 0 0 0 0 0 0 0 0 0 0 0 0 0 0 0 0 0 0 0 0 0 0 0 0 0 0 0 0 0 0 0 -200 200 200 200 200 200 200 200 200 71 200 71 0 0 0 0 0 0 0 34 200 34 0 0 0 0 0 0 0 57 200 57 0 0 0 0 0 0 0 
0 0 0 0 0 0 0 0 0 0 0 0 0 0 0 0 0 0 0 0 0 0 0 0 0 0 0 0 0 0 0 0 0 0 0 0 0 0 0 0 0 0 0 0 0 0 0 0 0 0 0 0 0 0 0 0 0 0 0 0 0 0 -200 200 200 200 200 200 200 200 0 71 200 71 0 0 0 0 0 0 0 34 200 34 0 0 0 0 0 0 0 57 200 57 0 0 0 0 0 0 
0 0 0 0 0 0 0 0 0 0 0 0 0 0 0 0 0 0 0 0 0 0 0 0 0 0 0 0 0 0 0 0 0 0 0 0 0 0 0 0 0 0 0 0 0 0 0 0 0 0 0 0 0 0 0 0 0 0 0 0 0 0 0 -200 200 200 200 200 200 200 0 0 71 200 71 0 0 0 0 0 0 0 34 200 34 0 0 0 0 0 0 0 57 200 57 0 0 0 0 0 
0 0 0 0 0 0 0 0 0 0 0 0 0 0 0 0 0 0 0 0 0 0 0 0 0 0 0 0 0 0 0 0 0 0 0 0 0 0 0 0 0 0 0 0 0 0 0 0 0 0 0 0 0 0 0 0 0 0 0 0 0 0 0 0 -200 200 200 200 200 200 0 0 0 71 200 71 0 0 0 0 0 0 0 34 200 34 0 0 0 0 0 0 0 57 200 57 0 0 0 0 
0 0 0 0 0 0 0 0 0 0 0 0 0 0 0 0 0 0 0 0 0 0 0 0 0 0 0 0 0 0 0 0 0 0 0 0 0 0 0 0 0 0 0 0 0 0 0 0 0 0 0 0 0 0 0 0 0 0 0 0 0 0 0 0 0 -200 200 200 200 200 0 0 0 0 71 200 71 0 0 0 0 0 0 0 34 200 34 0 0 0 0 0 0 0 57 200 57 0 0 0 
0 0 0 0 0 0 0 0 0 0 0 0 0 0 0 0 0 0 0 0 0 0 0 0 0 0 0 0 0 0 0 0 0 0 0 0 0 0 0 0 0 0 0 0 0 0 0 0 0 0 0 0 0 0 0 0 0 0 0 0 0 0 0 0 0 0 -200 200 200 200 0 0 0 0 0 71 200 71 0 0 0 0 0 0 0 34 200 34 0 0 0 0 0 0 0 57 200 57 0 0 
0 0 0 0 0 0 0 0 0 0 0 0 0 0 0 0 0 0 0 0 0 0 0 0 0 0 0 0 0 0 0 0 0 0 0 0 0 0 0 0 0 0 0 0 0 0 0 0 0 0 0 0 0 0 0 0 0 0 0 0 0 0 0 0 0 0 0 -200 200 200 0 0 0 0 0 0 71 200 71 0 0 0 0 0 0 0 34 200 34 0 0 0 0 0 0 0 57 200 57 0 
0 0 0 0 0 0 0 0 0 0 0 0 0 0 0 0 0 0 0 0 0 0 0 0 0 0 0 0 0 0 0 0 0 0 0 0 0 0 0 0 0 0 0 0 0 0 0 0 0 0 0 0 0 0 0 0 0 0 0 0 0 0 0 0 0 0 0 0 -200 200 0 0 0 0 0 0 0 71 200 71 0 0 0 0 0 0 0 34 200 34 0 0 0 0 0 0 0 57 200 57 
0 0 0 0 0 0 0 0 0 0 0 0 0 0 0 0 0 0 0 0 0 0 0 0 0 0 0 0 0 0 0 0 0 0 0 0 0 0 0 0 0 0 0 0 0 0 0 0 0 0 0 0 0 0 0 0 0 0 0 0 0 0 0 0 0 0 0 0 0 -164 0 0 0 0 0 0 0 0 71 200 0 0 0 0 0 0 0 0 34 200 0 0 0 0 0 0 0 0 57 200 
0 0 0 0 0 0 0 0 0 0 0 0 0 0 0 0 0 0 0 0 0 0 0 0 0 0 0 0 0 0 0 0 0 0 0 0 0 0 0 0 0 0 0 0 0 0 0 0 0 0 0 0 0 0 0 0 0 0 0 0 0 0 0 0 0 0 0 0 0 0 -152 200 200 200 200 200 200 200 200 200 200 37 0 0 0 0 0 0 0 0 200 36 0 0 0 0 0 0 0 0 
0 0 0 0 0 0 0 0 0 0 0 0 0 0 0 0 0 0 0 0 0 0 0 0 0 0 0 0 0 0 0 0 0 0 0 0 0 0 0 0 0 0 0 0 0 0 0 0 0 0 0 0 0 0 0 0 0 0 0 0 0 0 0 0 0 0 0 0 0 0 0 -200 200 200 200 200 200 200 200 200 37 200 37 0 0 0 0 0 0 0 36 200 36 0 0 0 0 0 0 0 
0 0 0 0 0 0 0 0 0 0 0 0 0 0 0 0 0 0 0 0 0 0 0 0 0 0 0 0 0 0 0 0 0 0 0 0 0 0 0 0 0 0 0 0 0 0 0 0 0 0 0 0 0 0 0 0 0 0 0 0 0 0 0 0 0 0 0 0 0 0 0 0 -200 200 200 200 200 200 200 200 0 37 200 37 0 0 0 0 0 0 0 36 200 36 0 0 0 0 0 0 
0 0 0 0 0 0 0 0 0 0 0 0 0 0 0 0 0 0 0 0 0 0 0 0 0 0 0 0 0 0 0 0 0 0 0 0 0 0 0 0 0 0 0 0 0 0 0 0 0 0 0 0 0 0 0 0 0 0 0 0 0 0 0 0 0 0 0 0 0 0 0 0 0 -200 200 200 200 200 200 200 0 0 37 200 37 0 0 0 0 0 0 0 36 200 36 0 0 0 0 0 
0 0 0 0 0 0 0 0 0 0 0 0 0 0 0 0 0 0 0 0 0 0 0 0 0 0 0 0 0 0 0 0 0 0 0 0 0 0 0 0 0 0 0 0 0 0 0 0 0 0 0 0 0 0 0 0 0 0 0 0 0 0 0 0 0 0 0 0 0 0 0 0 0 0 -200 200 200 200 200 200 0 0 0 37 200 37 0 0 0 0 0 0 0 36 200 36 0 0 0 0 
0 0 0 0 0 0 0 0 0 0 0 0 0 0 0 0 0 0 0 0 0 0 0 0 0 0 0 0 0 0 0 0 0 0 0 0 0 0 0 0 0 0 0 0 0 0 0 0 0 0 0 0 0 0 0 0 0 0 0 0 0 0 0 0 0 0 0 0 0 0 0 0 0 0 0 -200 200 200 200 200 0 0 0 0 37 200 37 0 0 0 0 0 0 0 36 200 36 0 0 0 
0 0 0 0 0 0 0 0 0 0 0 0 0 0 0 0 0 0 0 0 0 0 0 0 0 0 0 0 0 0 0 0 0 0 0 0 0 0 0 0 0 0 0 0 0 0 0 0 0 0 0 0 0 0 0 0 0 0 0 0 0 0 0 0 0 0 0 0 0 0 0 0 0 0 0 0 -200 200 200 200 0 0 0 0 0 37 200 37 0 0 0 0 0 0 0 36 200 36 0 0 
0 0 0 0 0 0 0 0 0 0 0 0 0 0 0 0 0 0 0 0 0 0 0 0 0 0 0 0 0 0 0 0 0 0 0 0 0 0 0 0 0 0 0 0 0 0 0 0 0 0 0 0 0 0 0 0 0 0 0 0 0 0 0 0 0 0 0 0 0 0 0 0 0 0 0 0 0 -200 200 200 0 0 0 0 0 0 37 200 37 0 0 0 0 0 0 0 36 200 36 0 
0 0 0 0 0 0 0 0 0 0 0 0 0 0 0 0 0 0 0 0 0 0 0 0 0 0 0 0 0 0 0 0 0 0 0 0 0 0 0 0 0 0 0 0 0 0 0 0 0 0 0 0 0 0 0 0 0 0 0 0 0 0 0 0 0 0 0 0 0 0 0 0 0 0 0 0 0 0 -200 200 0 0 0 0 0 0 0 37 200 37 0 0 0 0 0 0 0 36 200 36 
0 0 0 0 0 0 0 0 0 0 0 0 0 0 0 0 0 0 0 0 0 0 0 0 0 0 0 0 0 0 0 0 0 0 0 0 0 0 0 0 0 0 0 0 0 0 0 0 0 0 0 0 0 0 0 0 0 0 0 0 0 0 0 0 0 0 0 0 0 0 0 0 0 0 0 0 0 0 0 -152 0 0 0 0 0 0 0 0 37 200 0 0 0 0 0 0 0 0 36 200 
0 0 0 0 0 0 0 0 0 0 0 0 0 0 0 0 0 0 0 0 0 0 0 0 0 0 0 0 0 0 0 0 0 0 0 0 0 0 0 0 0 0 0 0 0 0 0 0 0 0 0 0 0 0 0 0 0 0 0 0 0 0 0 0 0 0 0 0 0 0 0 0 0 0 0 0 0 0 0 0 -174 200 200 200 200 200 200 200 200 200 200 35 0 0 0 0 0 0 0 0 
0 0 0 0 0 0 0 0 0 0 0 0 0 0 0 0 0 0 0 0 0 0 0 0 0 0 0 0 0 0 0 0 0 0 0 0 0 0 0 0 0 0 0 0 0 0 0 0 0 0 0 0 0 0 0 0 0 0 0 0 0 0 0 0 0 0 0 0 0 0 0 0 0 0 0 0 0 0 0 0 0 -200 200 200 200 200 200 200 200 200 35 200 35 0 0 0 0 0 0 0 
0 0 0 0 0 0 0 0 0 0 0 0 0 0 0 0 0 0 0 0 0 0 0 0 0 0 0 0 0 0 0 0 0 0 0 0 0 0 0 0 0 0 0 0 0 0 0 0 0 0 0 0 0 0 0 0 0 0 0 0 0 0 0 0 0 0 0 0 0 0 0 0 0 0 0 0 0 0 0 0 0 0 -200 200 200 200 200 200 200 200 0 35 200 35 0 0 0 0 0 0 
0 0 0 0 0 0 0 0 0 0 0 0 0 0 0 0 0 0 0 0 0 0 0 0 0 0 0 0 0 0 0 0 0 0 0 0 0 0 0 0 0 0 0 0 0 0 0 0 0 0 0 0 0 0 0 0 0 0 0 0 0 0 0 0 0 0 0 0 0 0 0 0 0 0 0 0 0 0 0 0 0 0 0 -200 200 200 200 200 200 200 0 0 35 200 35 0 0 0 0 0 
0 0 0 0 0 0 0 0 0 0 0 0 0 0 0 0 0 0 0 0 0 0 0 0 0 0 0 0 0 0 0 0 0 0 0 0 0 0 0 0 0 0 0 0 0 0 0 0 0 0 0 0 0 0 0 0 0 0 0 0 0 0 0 0 0 0 0 0 0 0 0 0 0 0 0 0 0 0 0 0 0 0 0 0 -200 200 200 200 200 200 0 0 0 35 200 35 0 0 0 0 
0 0 0 0 0 0 0 0 0 0 0 0 0 0 0 0 0 0 0 0 0 0 0 0 0 0 0 0 0 0 0 0 0 0 0 0 0 0 0 0 0 0 0 0 0 0 0 0 0 0 0 0 0 0 0 0 0 0 0 0 0 0 0 0 0 0 0 0 0 0 0 0 0 0 0 0 0 0 0 0 0 0 0 0 0 -200 200 200 200 200 0 0 0 0 35 200 35 0 0 0 
0 0 0 0 0 0 0 0 0 0 0 0 0 0 0 0 0 0 0 0 0 0 0 0 0 0 0 0 0 0 0 0 0 0 0 0 0 0 0 0 0 0 0 0 0 0 0 0 0 0 0 0 0 0 0 0 0 0 0 0 0 0 0 0 0 0 0 0 0 0 0 0 0 0 0 0 0 0 0 0 0 0 0 0 0 0 -200 200 200 200 0 0 0 0 0 35 200 35 0 0 
0 0 0 0 0 0 0 0 0 0 0 0 0 0 0 0 0 0 0 0 0 0 0 0 0 0 0 0 0 0 0 0 0 0 0 0 0 0 0 0 0 0 0 0 0 0 0 0 0 0 0 0 0 0 0 0 0 0 0 0 0 0 0 0 0 0 0 0 0 0 0 0 0 0 0 0 0 0 0 0 0 0 0 0 0 0 0 -200 200 200 0 0 0 0 0 0 35 200 35 0 
0 0 0 0 0 0 0 0 0 0 0 0 0 0 0 0 0 0 0 0 0 0 0 0 0 0 0 0 0 0 0 0 0 0 0 0 0 0 0 0 0 0 0 0 0 0 0 0 0 0 0 0 0 0 0 0 0 0 0 0 0 0 0 0 0 0 0 0 0 0 0 0 0 0 0 0 0 0 0 0 0 0 0 0 0 0 0 0 -200 200 0 0 0 0 0 0 0 35 200 35 
0 0 0 0 0 0 0 0 0 0 0 0 0 0 0 0 0 0 0 0 0 0 0 0 0 0 0 0 0 0 0 0 0 0 0 0 0 0 0 0 0 0 0 0 0 0 0 0 0 0 0 0 0 0 0 0 0 0 0 0 0 0 0 0 0 0 0 0 0 0 0 0 0 0 0 0 0 0 0 0 0 0 0 0 0 0 0 0 0 -174 0 0 0 0 0 0 0 0 35 200 
0 0 0 0 0 0 0 0 0 0 0 0 0 0 0 0 0 0 0 0 0 0 0 0 0 0 0 0 0 0 0 0 0 0 0 0 0 0 0 0 0 0 0 0 0 0 0 0 0 0 0 0 0 0 0 0 0 0 0 0 0 0 0 0 0 0 0 0 0 0 0 0 0 0 0 0 0 0 0 0 0 0 0 0 0 0 0 0 0 0 -178 200 200 200 200 200 200 200 200 200 
0 0 0 0 0 0 0 0 0 0 0 0 0 0 0 0 0 0 0 0 0 0 0 0 0 0 0 0 0 0 0 0 0 0 0 0 0 0 0 0 0 0 0 0 0 0 0 0 0 0 0 0 0 0 0 0 0 0 0 0 0 0 0 0 0 0 0 0 0 0 0 0 0 0 0 0 0 0 0 0 0 0 0 0 0 0 0 0 0 0 0 -200 200 200 200 200 200 200 200 200 
0 0 0 0 0 0 0 0 0 0 0 0 0 0 0 0 0 0 0 0 0 0 0 0 0 0 0 0 0 0 0 0 0 0 0 0 0 0 0 0 0 0 0 0 0 0 0 0 0 0 0 0 0 0 0 0 0 0 0 0 0 0 0 0 0 0 0 0 0 0 0 0 0 0 0 0 0 0 0 0 0 0 0 0 0 0 0 0 0 0 0 0 -200 200 200 200 200 200 200 200 
0 0 0 0 0 0 0 0 0 0 0 0 0 0 0 0 0 0 0 0 0 0 0 0 0 0 0 0 0 0 0 0 0 0 0 0 0 0 0 0 0 0 0 0 0 0 0 0 0 0 0 0 0 0 0 0 0 0 0 0 0 0 0 0 0 0 0 0 0 0 0 0 0 0 0 0 0 0 0 0 0 0 0 0 0 0 0 0 0 0 0 0 0 -200 200 200 200 200 200 200 
0 0 0 0 0 0 0 0 0 0 0 0 0 0 0 0 0 0 0 0 0 0 0 0 0 0 0 0 0 0 0 0 0 0 0 0 0 0 0 0 0 0 0 0 0 0 0 0 0 0 0 0 0 0 0 0 0 0 0 0 0 0 0 0 0 0 0 0 0 0 0 0 0 0 0 0 0 0 0 0 0 0 0 0 0 0 0 0 0 0 0 0 0 0 -200 200 200 200 200 200 
0 0 0 0 0 0 0 0 0 0 0 0 0 0 0 0 0 0 0 0 0 0 0 0 0 0 0 0 0 0 0 0 0 0 0 0 0 0 0 0 0 0 0 0 0 0 0 0 0 0 0 0 0 0 0 0 0 0 0 0 0 0 0 0 0 0 0 0 0 0 0 0 0 0 0 0 0 0 0 0 0 0 0 0 0 0 0 0 0 0 0 0 0 0 0 -200 200 200 200 200 
0 0 0 0 0 0 0 0 0 0 0 0 0 0 0 0 0 0 0 0 0 0 0 0 0 0 0 0 0 0 0 0 0 0 0 0 0 0 0 0 0 0 0 0 0 0 0 0 0 0 0 0 0 0 0 0 0 0 0 0 0 0 0 0 0 0 0 0 0 0 0 0 0 0 0 0 0 0 0 0 0 0 0 0 0 0 0 0 0 0 0 0 0 0 0 0 -200 200 200 200 
0 0 0 0 0 0 0 0 0 0 0 0 0 0 0 0 0 0 0 0 0 0 0 0 0 0 0 0 0 0 0 0 0 0 0 0 0 0 0 0 0 0 0 0 0 0 0 0 0 0 0 0 0 0 0 0 0 0 0 0 0 0 0 0 0 0 0 0 0 0 0 0 0 0 0 0 0 0 0 0 0 0 0 0 0 0 0 0 0 0 0 0 0 0 0 0 0 -200 200 200 
0 0 0 0 0 0 0 0 0 0 0 0 0 0 0 0 0 0 0 0 0 0 0 0 0 0 0 0 0 0 0 0 0 0 0 0 0 0 0 0 0 0 0 0 0 0 0 0 0 0 0 0 0 0 0 0 0 0 0 0 0 0 0 0 0 0 0 0 0 0 0 0 0 0 0 0 0 0 0 0 0 0 0 0 0 0 0 0 0 0 0 0 0 0 0 0 0 0 -200 200 
0 0 0 0 0 0 0 0 0 0 0 0 0 0 0 0 0 0 0 0 0 0 0 0 0 0 0 0 0 0 0 0 0 0 0 0 0 0 0 0 0 0 0 0 0 0 0 0 0 0 0 0 0 0 0 0 0 0 0 0 0 0 0 0 0 0 0 0 0 0 0 0 0 0 0 0 0 0 0 0 0 0 0 0 0 0 0 0 0 0 0 0 0 0 0 0 0 0 0 -178 