100 87280 1000 3 
-3431 1000 1000 1000 1000 506 0 0 0 0 517 0 0 0 0 341 0 0 0 0 473 0 0 0 0 440 0 0 0 0 330 0 0 0 0 209 500 500 500 500 506 0 0 0 0 473 0 0 0 0 319 0 0 0 0 143 0 0 0 0 275 0 0 0 0 110 0 0 0 0 297 0 0 0 0 121 0 0 0 0 528 0 0 0 0 165 0 0 0 0 253 0 0 0 0 275 0 0 0 0 
1000 -3431 1000 1000 1000 0 506 0 0 0 0 517 0 0 0 0 341 0 0 0 0 473 0 0 0 0 440 0 0 0 0 330 0 0 0 0 209 500 500 500 0 506 0 0 0 0 473 0 0 0 0 319 0 0 0 0 143 0 0 0 500 275 0 0 0 0 110 0 0 0 0 297 0 0 0 0 121 0 0 0 0 528 0 0 0 0 165 0 0 0 0 253 0 0 0 0 275 0 0 0 
1000 1000 -3431 1000 1000 0 0 506 0 0 0 0 517 0 0 0 0 341 0 0 0 0 473 0 0 0 0 440 0 0 0 0 330 0 0 0 0 209 500 500 0 0 506 0 0 0 0 473 0 0 0 0 319 0 0 0 0 143 0 0 500 500 275 0 0 0 0 110 0 0 0 0 297 0 0 0 0 121 0 0 0 0 528 0 0 0 0 165 0 0 0 0 253 0 0 0 0 275 0 0 
1000 1000 1000 -3431 1000 0 0 0 506 0 0 0 0 517 0 0 0 0 341 0 0 0 0 473 0 0 0 0 440 0 0 0 0 330 0 0 0 0 209 500 0 0 0 506 0 0 0 0 473 0 0 0 0 319 0 0 0 0 143 0 500 500 500 275 0 0 0 0 110 0 0 0 0 297 0 0 0 0 121 0 0 0 0 528 0 0 0 0 165 0 0 0 0 253 0 0 0 0 275 0 
1000 1000 1000 1000 -3431 0 0 0 0 506 0 0 0 0 517 0 0 0 0 341 0 0 0 0 473 0 0 0 0 440 0 0 0 0 330 0 0 0 0 209 0 0 0 0 506 0 0 0 0 473 0 0 0 0 319 0 0 0 0 143 500 500 500 500 275 0 0 0 0 110 0 0 0 0 297 0 0 0 0 121 0 0 0 0 528 0 0 0 0 165 0 0 0 0 253 0 0 0 0 275 
506 0 0 0 0 -9556 1000 1000 1000 1000 2162 0 0 0 0 1426 0 0 0 0 1978 0 0 0 0 1840 0 0 0 0 1380 0 0 0 0 874 0 0 0 0 2116 0 0 0 0 1978 0 0 0 0 1334 0 0 0 0 598 0 0 0 0 1150 0 0 0 0 460 0 0 0 0 1242 0 0 0 0 506 0 0 0 0 2208 0 0 0 0 690 500 500 500 500 1058 0 0 0 0 1150 0 0 0 0 
0 506 0 0 0 1000 -9556 1000 1000 1000 500 2162 0 0 0 0 1426 0 0 0 0 1978 0 0 0 0 1840 0 0 0 0 1380 0 0 0 0 874 0 0 0 0 2116 0 0 0 0 1978 0 0 0 0 1334 0 0 0 0 598 0 0 0 0 1150 0 0 0 0 460 0 0 0 0 1242 0 0 0 0 506 0 0 0 0 2208 0 0 0 0 690 500 500 500 0 1058 0 0 0 0 1150 0 0 0 
0 0 506 0 0 1000 1000 -9556 1000 1000 500 500 2162 0 0 0 0 1426 0 0 0 0 1978 0 0 0 0 1840 0 0 0 0 1380 0 0 0 0 874 0 0 0 0 2116 0 0 0 0 1978 0 0 0 0 1334 0 0 0 0 598 0 0 0 0 1150 0 0 0 0 460 0 0 0 0 1242 0 0 0 0 506 0 0 0 0 2208 0 0 0 0 690 500 500 0 0 1058 0 0 0 0 1150 0 0 
0 0 0 506 0 1000 1000 1000 -9556 1000 500 500 500 2162 0 0 0 0 1426 0 0 0 0 1978 0 0 0 0 1840 0 0 0 0 1380 0 0 0 0 874 0 0 0 0 2116 0 0 0 0 1978 0 0 0 0 1334 0 0 0 0 598 0 0 0 0 1150 0 0 0 0 460 0 0 0 0 1242 0 0 0 0 506 0 0 0 0 2208 0 0 0 0 690 500 0 0 0 1058 0 0 0 0 1150 0 
0 0 0 0 506 1000 1000 1000 1000 -9556 500 500 500 500 2162 0 0 0 0 1426 0 0 0 0 1978 0 0 0 0 1840 0 0 0 0 1380 0 0 0 0 874 0 0 0 0 2116 0 0 0 0 1978 0 0 0 0 1334 0 0 0 0 598 0 0 0 0 1150 0 0 0 0 460 0 0 0 0 1242 0 0 0 0 506 0 0 0 0 2208 0 0 0 0 690 0 0 0 0 1058 0 0 0 0 1150 
517 0 0 0 0 2162 500 500 500 500 -9695 1000 1000 1000 1000 1457 500 500 500 500 2021 0 0 0 0 1880 0 0 0 0 1410 0 0 0 0 893 0 0 0 0 2162 0 0 0 0 2021 0 0 0 0 1363 0 0 0 0 611 0 0 0 0 1175 0 0 0 0 470 0 0 0 0 1269 0 0 0 0 517 0 0 0 0 2256 500 500 500 500 705 0 0 0 0 1081 0 0 0 0 1175 0 0 0 0 
0 517 0 0 0 0 2162 500 500 500 1000 -9695 1000 1000 1000 0 1457 500 500 500 0 2021 0 0 0 0 1880 0 0 0 0 1410 0 0 0 0 893 0 0 0 0 2162 0 0 0 0 2021 0 0 0 0 1363 0 0 0 0 611 0 0 0 0 1175 0 0 0 0 470 0 0 0 0 1269 0 0 0 0 517 0 0 0 0 2256 500 500 500 0 705 0 0 0 0 1081 0 0 0 0 1175 0 0 0 
0 0 517 0 0 0 0 2162 500 500 1000 1000 -9695 1000 1000 0 0 1457 500 500 0 0 2021 0 0 0 0 1880 0 0 0 0 1410 0 0 0 0 893 0 0 0 0 2162 0 0 0 0 2021 0 0 0 0 1363 0 0 0 0 611 0 0 0 0 1175 0 0 0 0 470 0 0 0 0 1269 0 0 0 0 517 0 0 0 0 2256 500 500 0 0 705 0 0 0 0 1081 0 0 0 0 1175 0 0 
0 0 0 517 0 0 0 0 2162 500 1000 1000 1000 -9695 1000 0 0 0 1457 500 0 0 0 2021 0 0 0 0 1880 0 0 0 0 1410 0 0 0 0 893 0 0 0 0 2162 0 0 0 0 2021 0 0 0 0 1363 0 0 0 0 611 0 0 0 0 1175 0 0 0 0 470 0 0 0 0 1269 0 0 0 0 517 0 0 0 0 2256 500 0 0 0 705 0 0 0 0 1081 0 0 0 0 1175 0 
0 0 0 0 517 0 0 0 0 2162 1000 1000 1000 1000 -9695 0 0 0 0 1457 0 0 0 0 2021 0 0 0 0 1880 0 0 0 0 1410 0 0 0 0 893 0 0 0 0 2162 0 0 0 0 2021 0 0 0 0 1363 0 0 0 0 611 0 0 0 0 1175 0 0 0 0 470 0 0 0 0 1269 0 0 0 0 517 0 0 0 0 2256 0 0 0 0 705 0 0 0 0 1081 0 0 0 0 1175 
341 0 0 0 0 1426 0 0 0 0 1457 0 0 0 0 -7231 1000 1000 1000 1000 1333 0 0 0 0 1240 0 0 0 0 930 0 0 0 0 589 0 0 0 0 1426 0 0 0 0 1333 0 0 0 0 899 0 0 0 0 403 0 0 0 0 775 0 0 0 0 310 0 0 0 0 837 0 0 0 0 341 500 500 500 500 1488 0 0 0 0 465 0 0 0 0 713 0 0 0 0 775 0 0 0 0 
0 341 0 0 0 0 1426 0 0 0 500 1457 0 0 0 1000 -7231 1000 1000 1000 0 1333 0 0 0 0 1240 0 0 0 0 930 0 0 0 0 589 0 0 0 0 1426 0 0 0 0 1333 0 0 0 500 899 0 0 0 0 403 0 0 0 0 775 0 0 0 0 310 0 0 0 0 837 0 0 0 0 341 500 500 500 0 1488 0 0 0 0 465 0 0 0 0 713 0 0 0 0 775 0 0 0 
0 0 341 0 0 0 0 1426 0 0 500 500 1457 0 0 1000 1000 -7231 1000 1000 0 0 1333 0 0 0 0 1240 0 0 0 0 930 0 0 0 0 589 0 0 0 0 1426 0 0 0 0 1333 0 0 500 500 899 0 0 0 0 403 0 0 0 0 775 0 0 0 0 310 0 0 0 0 837 0 0 0 0 341 500 500 0 0 1488 0 0 0 0 465 0 0 0 0 713 0 0 0 0 775 0 0 
0 0 0 341 0 0 0 0 1426 0 500 500 500 1457 0 1000 1000 1000 -7231 1000 0 0 0 1333 0 0 0 0 1240 0 0 0 0 930 0 0 0 0 589 0 0 0 0 1426 0 0 0 0 1333 0 500 500 500 899 0 0 0 0 403 0 0 0 0 775 0 0 0 0 310 0 0 0 0 837 0 0 0 0 341 500 0 0 0 1488 0 0 0 0 465 0 0 0 0 713 0 0 0 0 775 0 
0 0 0 0 341 0 0 0 0 1426 500 500 500 500 1457 1000 1000 1000 1000 -7231 0 0 0 0 1333 0 0 0 0 1240 0 0 0 0 930 0 0 0 0 589 0 0 0 0 1426 0 0 0 0 1333 500 500 500 500 899 0 0 0 0 403 0 0 0 0 775 0 0 0 0 310 0 0 0 0 837 0 0 0 0 341 0 0 0 0 1488 0 0 0 0 465 0 0 0 0 713 0 0 0 0 775 
473 0 0 0 0 1978 0 0 0 0 2021 0 0 0 0 1333 0 0 0 0 -9127 1000 1000 1000 1000 1720 0 0 0 0 1290 0 0 0 0 817 0 0 0 0 1978 0 0 0 0 1849 0 0 0 0 1247 0 0 0 0 559 0 0 0 0 1075 0 0 0 0 430 0 0 0 0 1161 0 0 0 0 473 0 0 0 0 2064 0 0 0 0 645 0 0 0 0 989 0 0 0 0 1075 0 0 0 0 
0 473 0 0 0 0 1978 0 0 0 0 2021 0 0 0 0 1333 0 0 0 1000 -9127 1000 1000 1000 0 1720 0 0 0 0 1290 0 0 0 0 817 0 0 0 0 1978 0 0 0 0 1849 0 0 0 0 1247 0 0 0 0 559 0 0 0 0 1075 0 0 0 0 430 0 0 0 0 1161 0 0 0 0 473 0 0 0 0 2064 0 0 0 500 645 0 0 0 0 989 0 0 0 0 1075 0 0 0 
0 0 473 0 0 0 0 1978 0 0 0 0 2021 0 0 0 0 1333 0 0 1000 1000 -9127 1000 1000 0 0 1720 0 0 0 0 1290 0 0 0 0 817 0 0 0 0 1978 0 0 0 0 1849 0 0 0 0 1247 0 0 0 0 559 0 0 0 0 1075 0 0 0 0 430 0 0 0 0 1161 0 0 0 0 473 0 0 0 0 2064 0 0 500 500 645 0 0 0 0 989 0 0 0 0 1075 0 0 
0 0 0 473 0 0 0 0 1978 0 0 0 0 2021 0 0 0 0 1333 0 1000 1000 1000 -9127 1000 0 0 0 1720 0 0 0 0 1290 0 0 0 0 817 0 0 0 0 1978 0 0 0 0 1849 0 0 0 0 1247 0 0 0 0 559 0 0 0 0 1075 0 0 0 0 430 0 0 0 0 1161 0 0 0 0 473 0 0 0 0 2064 0 500 500 500 645 0 0 0 0 989 0 0 0 0 1075 0 
0 0 0 0 473 0 0 0 0 1978 0 0 0 0 2021 0 0 0 0 1333 1000 1000 1000 1000 -9127 0 0 0 0 1720 0 0 0 0 1290 0 0 0 0 817 0 0 0 0 1978 0 0 0 0 1849 0 0 0 0 1247 0 0 0 0 559 0 0 0 0 1075 0 0 0 0 430 0 0 0 0 1161 0 0 0 0 473 0 0 0 0 2064 500 500 500 500 645 0 0 0 0 989 0 0 0 0 1075 
440 0 0 0 0 1840 0 0 0 0 1880 0 0 0 0 1240 0 0 0 0 1720 0 0 0 0 -8680 1000 1000 1000 1000 1200 0 0 0 0 760 0 0 0 0 1840 0 0 0 0 1720 0 0 0 0 1160 0 0 0 0 520 0 0 0 0 1000 0 0 0 0 400 500 500 500 500 1080 500 500 500 500 440 0 0 0 0 1920 0 0 0 0 600 0 0 0 0 920 0 0 0 0 1000 0 0 0 0 
0 440 0 0 0 0 1840 0 0 0 0 1880 0 0 0 0 1240 0 0 0 0 1720 0 0 0 1000 -8680 1000 1000 1000 0 1200 0 0 0 0 760 0 0 0 0 1840 0 0 0 0 1720 0 0 0 0 1160 0 0 0 0 520 0 0 0 0 1000 0 0 0 0 400 500 500 500 0 1080 500 500 500 0 440 0 0 0 0 1920 0 0 0 0 600 0 0 0 0 920 0 0 0 0 1000 0 0 0 
0 0 440 0 0 0 0 1840 0 0 0 0 1880 0 0 0 0 1240 0 0 0 0 1720 0 0 1000 1000 -8680 1000 1000 0 0 1200 0 0 0 0 760 0 0 0 0 1840 0 0 0 0 1720 0 0 0 0 1160 0 0 0 0 520 0 0 0 0 1000 0 0 0 0 400 500 500 0 0 1080 500 500 0 0 440 0 0 0 0 1920 0 0 0 0 600 0 0 0 0 920 0 0 0 0 1000 0 0 
0 0 0 440 0 0 0 0 1840 0 0 0 0 1880 0 0 0 0 1240 0 0 0 0 1720 0 1000 1000 1000 -8680 1000 0 0 0 1200 0 0 0 0 760 0 0 0 0 1840 0 0 0 0 1720 0 0 0 0 1160 0 0 0 0 520 0 0 0 0 1000 0 0 0 0 400 500 0 0 0 1080 500 0 0 0 440 0 0 0 0 1920 0 0 0 0 600 0 0 0 0 920 0 0 0 0 1000 0 
0 0 0 0 440 0 0 0 0 1840 0 0 0 0 1880 0 0 0 0 1240 0 0 0 0 1720 1000 1000 1000 1000 -8680 0 0 0 0 1200 0 0 0 0 760 0 0 0 0 1840 0 0 0 0 1720 0 0 0 0 1160 0 0 0 0 520 0 0 0 0 1000 0 0 0 0 400 0 0 0 0 1080 0 0 0 0 440 0 0 0 0 1920 0 0 0 0 600 0 0 0 0 920 0 0 0 0 1000 
330 0 0 0 0 1380 0 0 0 0 1410 0 0 0 0 930 0 0 0 0 1290 0 0 0 0 1200 0 0 0 0 -7060 1000 1000 1000 1000 570 0 0 0 0 1380 0 0 0 0 1290 0 0 0 0 870 0 0 0 0 390 0 0 0 0 750 0 0 0 0 300 0 0 0 0 810 0 0 0 0 330 0 0 0 0 1440 0 0 0 0 450 0 0 0 0 690 0 0 0 0 750 0 0 0 0 
0 330 0 0 0 0 1380 0 0 0 0 1410 0 0 0 0 930 0 0 0 0 1290 0 0 0 0 1200 0 0 0 1000 -7060 1000 1000 1000 0 570 0 0 0 0 1380 0 0 0 0 1290 0 0 0 0 870 0 0 0 0 390 0 0 0 0 750 0 0 0 0 300 0 0 0 0 810 0 0 0 0 330 0 0 0 0 1440 0 0 0 0 450 0 0 0 0 690 0 0 0 0 750 0 0 0 
0 0 330 0 0 0 0 1380 0 0 0 0 1410 0 0 0 0 930 0 0 0 0 1290 0 0 0 0 1200 0 0 1000 1000 -7060 1000 1000 0 0 570 0 0 0 0 1380 0 0 0 0 1290 0 0 0 0 870 0 0 0 0 390 0 0 0 0 750 0 0 0 0 300 0 0 0 0 810 0 0 0 0 330 0 0 0 0 1440 0 0 0 0 450 0 0 0 0 690 0 0 0 0 750 0 0 
0 0 0 330 0 0 0 0 1380 0 0 0 0 1410 0 0 0 0 930 0 0 0 0 1290 0 0 0 0 1200 0 1000 1000 1000 -7060 1000 0 0 0 570 0 0 0 0 1380 0 0 0 0 1290 0 0 0 0 870 0 0 0 0 390 0 0 0 0 750 0 0 0 0 300 0 0 0 0 810 0 0 0 0 330 0 0 0 0 1440 0 0 0 0 450 0 0 0 0 690 0 0 0 0 750 0 
0 0 0 0 330 0 0 0 0 1380 0 0 0 0 1410 0 0 0 0 930 0 0 0 0 1290 0 0 0 0 1200 1000 1000 1000 1000 -7060 0 0 0 0 570 0 0 0 0 1380 0 0 0 0 1290 0 0 0 0 870 0 0 0 0 390 0 0 0 0 750 0 0 0 0 300 0 0 0 0 810 0 0 0 0 330 0 0 0 0 1440 0 0 0 0 450 0 0 0 0 690 0 0 0 0 750 
209 0 0 0 0 874 0 0 0 0 893 0 0 0 0 589 0 0 0 0 817 0 0 0 0 760 0 0 0 0 570 0 0 0 0 -5047 1000 1000 1000 1000 874 0 0 0 0 817 0 0 0 0 551 0 0 0 0 247 0 0 0 0 475 0 0 0 0 190 0 0 0 0 513 0 0 0 0 209 0 0 0 0 912 0 0 0 0 285 0 0 0 0 437 0 0 0 0 475 0 0 0 0 
500 209 0 0 0 0 874 0 0 0 0 893 0 0 0 0 589 0 0 0 0 817 0 0 0 0 760 0 0 0 0 570 0 0 0 1000 -5047 1000 1000 1000 0 874 0 0 0 0 817 0 0 0 0 551 0 0 0 0 247 0 0 0 0 475 0 0 0 0 190 0 0 0 500 513 0 0 0 0 209 0 0 0 0 912 0 0 0 0 285 0 0 0 0 437 0 0 0 0 475 0 0 0 
500 500 209 0 0 0 0 874 0 0 0 0 893 0 0 0 0 589 0 0 0 0 817 0 0 0 0 760 0 0 0 0 570 0 0 1000 1000 -5047 1000 1000 0 0 874 0 0 0 0 817 0 0 0 0 551 0 0 0 0 247 0 0 0 0 475 0 0 0 0 190 0 0 500 500 513 0 0 0 0 209 0 0 0 0 912 0 0 0 0 285 0 0 0 0 437 0 0 0 0 475 0 0 
500 500 500 209 0 0 0 0 874 0 0 0 0 893 0 0 0 0 589 0 0 0 0 817 0 0 0 0 760 0 0 0 0 570 0 1000 1000 1000 -5047 1000 0 0 0 874 0 0 0 0 817 0 0 0 0 551 0 0 0 0 247 0 0 0 0 475 0 0 0 0 190 0 500 500 500 513 0 0 0 0 209 0 0 0 0 912 0 0 0 0 285 0 0 0 0 437 0 0 0 0 475 0 
500 500 500 500 209 0 0 0 0 874 0 0 0 0 893 0 0 0 0 589 0 0 0 0 817 0 0 0 0 760 0 0 0 0 570 1000 1000 1000 1000 -5047 0 0 0 0 874 0 0 0 0 817 0 0 0 0 551 0 0 0 0 247 0 0 0 0 475 0 0 0 0 190 500 500 500 500 513 0 0 0 0 209 0 0 0 0 912 0 0 0 0 285 0 0 0 0 437 0 0 0 0 475 
506 0 0 0 0 2116 0 0 0 0 2162 0 0 0 0 1426 0 0 0 0 1978 0 0 0 0 1840 0 0 0 0 1380 0 0 0 0 874 0 0 0 0 -9556 1000 1000 1000 1000 1978 0 0 0 0 1334 0 0 0 0 598 0 0 0 0 1150 500 500 500 500 460 0 0 0 0 1242 0 0 0 0 506 0 0 0 0 2208 0 0 0 0 690 0 0 0 0 1058 0 0 0 0 1150 0 0 0 0 
0 506 0 0 0 0 2116 0 0 0 0 2162 0 0 0 0 1426 0 0 0 0 1978 0 0 0 0 1840 0 0 0 0 1380 0 0 0 0 874 0 0 0 1000 -9556 1000 1000 1000 0 1978 0 0 0 0 1334 0 0 0 0 598 0 0 0 0 1150 500 500 500 0 460 0 0 0 0 1242 0 0 0 0 506 0 0 0 0 2208 0 0 0 0 690 0 0 0 0 1058 0 0 0 500 1150 0 0 0 
0 0 506 0 0 0 0 2116 0 0 0 0 2162 0 0 0 0 1426 0 0 0 0 1978 0 0 0 0 1840 0 0 0 0 1380 0 0 0 0 874 0 0 1000 1000 -9556 1000 1000 0 0 1978 0 0 0 0 1334 0 0 0 0 598 0 0 0 0 1150 500 500 0 0 460 0 0 0 0 1242 0 0 0 0 506 0 0 0 0 2208 0 0 0 0 690 0 0 0 0 1058 0 0 500 500 1150 0 0 
0 0 0 506 0 0 0 0 2116 0 0 0 0 2162 0 0 0 0 1426 0 0 0 0 1978 0 0 0 0 1840 0 0 0 0 1380 0 0 0 0 874 0 1000 1000 1000 -9556 1000 0 0 0 1978 0 0 0 0 1334 0 0 0 0 598 0 0 0 0 1150 500 0 0 0 460 0 0 0 0 1242 0 0 0 0 506 0 0 0 0 2208 0 0 0 0 690 0 0 0 0 1058 0 500 500 500 1150 0 
0 0 0 0 506 0 0 0 0 2116 0 0 0 0 2162 0 0 0 0 1426 0 0 0 0 1978 0 0 0 0 1840 0 0 0 0 1380 0 0 0 0 874 1000 1000 1000 1000 -9556 0 0 0 0 1978 0 0 0 0 1334 0 0 0 0 598 0 0 0 0 1150 0 0 0 0 460 0 0 0 0 1242 0 0 0 0 506 0 0 0 0 2208 0 0 0 0 690 0 0 0 0 1058 500 500 500 500 1150 
473 0 0 0 0 1978 0 0 0 0 2021 0 0 0 0 1333 0 0 0 0 1849 0 0 0 0 1720 0 0 0 0 1290 0 0 0 0 817 0 0 0 0 1978 0 0 0 0 -9127 1000 1000 1000 1000 1247 0 0 0 0 559 0 0 0 0 1075 0 0 0 0 430 0 0 0 0 1161 0 0 0 0 473 0 0 0 0 2064 0 0 0 0 645 0 0 0 0 989 0 0 0 0 1075 0 0 0 0 
0 473 0 0 0 0 1978 0 0 0 0 2021 0 0 0 0 1333 0 0 0 0 1849 0 0 0 0 1720 0 0 0 0 1290 0 0 0 0 817 0 0 0 0 1978 0 0 0 1000 -9127 1000 1000 1000 0 1247 0 0 0 0 559 0 0 0 500 1075 0 0 0 0 430 0 0 0 0 1161 0 0 0 0 473 0 0 0 0 2064 0 0 0 0 645 0 0 0 0 989 0 0 0 0 1075 0 0 0 
0 0 473 0 0 0 0 1978 0 0 0 0 2021 0 0 0 0 1333 0 0 0 0 1849 0 0 0 0 1720 0 0 0 0 1290 0 0 0 0 817 0 0 0 0 1978 0 0 1000 1000 -9127 1000 1000 0 0 1247 0 0 0 0 559 0 0 500 500 1075 0 0 0 0 430 0 0 0 0 1161 0 0 0 0 473 0 0 0 0 2064 0 0 0 0 645 0 0 0 0 989 0 0 0 0 1075 0 0 
0 0 0 473 0 0 0 0 1978 0 0 0 0 2021 0 0 0 0 1333 0 0 0 0 1849 0 0 0 0 1720 0 0 0 0 1290 0 0 0 0 817 0 0 0 0 1978 0 1000 1000 1000 -9127 1000 0 0 0 1247 0 0 0 0 559 0 500 500 500 1075 0 0 0 0 430 0 0 0 0 1161 0 0 0 0 473 0 0 0 0 2064 0 0 0 0 645 0 0 0 0 989 0 0 0 0 1075 0 
0 0 0 0 473 0 0 0 0 1978 0 0 0 0 2021 0 0 0 0 1333 0 0 0 0 1849 0 0 0 0 1720 0 0 0 0 1290 0 0 0 0 817 0 0 0 0 1978 1000 1000 1000 1000 -9127 0 0 0 0 1247 0 0 0 0 559 500 500 500 500 1075 0 0 0 0 430 0 0 0 0 1161 0 0 0 0 473 0 0 0 0 2064 0 0 0 0 645 0 0 0 0 989 0 0 0 0 1075 
319 0 0 0 0 1334 0 0 0 0 1363 0 0 0 0 899 500 500 500 500 1247 0 0 0 0 1160 0 0 0 0 870 0 0 0 0 551 0 0 0 0 1334 0 0 0 0 1247 0 0 0 0 -6887 1000 1000 1000 1000 377 0 0 0 0 725 0 0 0 0 290 0 0 0 0 783 0 0 0 0 319 0 0 0 0 1392 0 0 0 0 435 0 0 0 0 667 0 0 0 0 725 0 0 0 0 
0 319 0 0 0 0 1334 0 0 0 0 1363 0 0 0 0 899 500 500 500 0 1247 0 0 0 0 1160 0 0 0 0 870 0 0 0 0 551 0 0 0 0 1334 0 0 0 0 1247 0 0 0 1000 -6887 1000 1000 1000 0 377 0 0 0 0 725 0 0 0 0 290 0 0 0 0 783 0 0 0 0 319 0 0 0 0 1392 0 0 0 0 435 0 0 0 0 667 0 0 0 0 725 0 0 0 
0 0 319 0 0 0 0 1334 0 0 0 0 1363 0 0 0 0 899 500 500 0 0 1247 0 0 0 0 1160 0 0 0 0 870 0 0 0 0 551 0 0 0 0 1334 0 0 0 0 1247 0 0 1000 1000 -6887 1000 1000 0 0 377 0 0 0 0 725 0 0 0 0 290 0 0 0 0 783 0 0 0 0 319 0 0 0 0 1392 0 0 0 0 435 0 0 0 0 667 0 0 0 0 725 0 0 
0 0 0 319 0 0 0 0 1334 0 0 0 0 1363 0 0 0 0 899 500 0 0 0 1247 0 0 0 0 1160 0 0 0 0 870 0 0 0 0 551 0 0 0 0 1334 0 0 0 0 1247 0 1000 1000 1000 -6887 1000 0 0 0 377 0 0 0 0 725 0 0 0 0 290 0 0 0 0 783 0 0 0 0 319 0 0 0 0 1392 0 0 0 0 435 0 0 0 0 667 0 0 0 0 725 0 
0 0 0 0 319 0 0 0 0 1334 0 0 0 0 1363 0 0 0 0 899 0 0 0 0 1247 0 0 0 0 1160 0 0 0 0 870 0 0 0 0 551 0 0 0 0 1334 0 0 0 0 1247 1000 1000 1000 1000 -6887 0 0 0 0 377 0 0 0 0 725 0 0 0 0 290 0 0 0 0 783 0 0 0 0 319 0 0 0 0 1392 0 0 0 0 435 0 0 0 0 667 0 0 0 0 725 
143 0 0 0 0 598 0 0 0 0 611 0 0 0 0 403 0 0 0 0 559 0 0 0 0 520 0 0 0 0 390 0 0 0 0 247 0 0 0 0 598 0 0 0 0 559 0 0 0 0 377 0 0 0 0 -3847 1000 1000 1000 1000 325 0 0 0 0 130 0 0 0 0 351 0 0 0 0 143 0 0 0 0 624 0 0 0 0 195 0 0 0 0 299 0 0 0 0 325 0 0 0 0 
0 143 0 0 0 0 598 0 0 0 0 611 0 0 0 0 403 0 0 0 0 559 0 0 0 0 520 0 0 0 0 390 0 0 0 0 247 0 0 0 0 598 0 0 0 0 559 0 0 0 0 377 0 0 0 1000 -3847 1000 1000 1000 0 325 0 0 0 0 130 0 0 0 0 351 0 0 0 0 143 0 0 0 0 624 0 0 0 500 195 0 0 0 0 299 0 0 0 0 325 0 0 0 
0 0 143 0 0 0 0 598 0 0 0 0 611 0 0 0 0 403 0 0 0 0 559 0 0 0 0 520 0 0 0 0 390 0 0 0 0 247 0 0 0 0 598 0 0 0 0 559 0 0 0 0 377 0 0 1000 1000 -3847 1000 1000 0 0 325 0 0 0 0 130 0 0 0 0 351 0 0 0 0 143 0 0 0 0 624 0 0 500 500 195 0 0 0 0 299 0 0 0 0 325 0 0 
0 0 0 143 0 0 0 0 598 0 0 0 0 611 0 0 0 0 403 0 0 0 0 559 0 0 0 0 520 0 0 0 0 390 0 0 0 0 247 0 0 0 0 598 0 0 0 0 559 0 0 0 0 377 0 1000 1000 1000 -3847 1000 0 0 0 325 0 0 0 0 130 0 0 0 0 351 0 0 0 0 143 0 0 0 0 624 0 500 500 500 195 0 0 0 0 299 0 0 0 0 325 0 
0 0 0 0 143 0 0 0 0 598 0 0 0 0 611 0 0 0 0 403 0 0 0 0 559 0 0 0 0 520 0 0 0 0 390 0 0 0 0 247 0 0 0 0 598 0 0 0 0 559 0 0 0 0 377 1000 1000 1000 1000 -3847 0 0 0 0 325 0 0 0 0 130 0 0 0 0 351 0 0 0 0 143 0 0 0 0 624 500 500 500 500 195 0 0 0 0 299 0 0 0 0 325 
275 500 500 500 500 1150 0 0 0 0 1175 0 0 0 0 775 0 0 0 0 1075 0 0 0 0 1000 0 0 0 0 750 0 0 0 0 475 0 0 0 0 1150 0 0 0 0 1075 500 500 500 500 725 0 0 0 0 325 0 0 0 0 -6175 1000 1000 1000 1000 250 0 0 0 0 675 0 0 0 0 275 0 0 0 0 1200 0 0 0 0 375 0 0 0 0 575 0 0 0 0 625 0 0 0 0 
0 275 500 500 500 0 1150 0 0 0 0 1175 0 0 0 0 775 0 0 0 0 1075 0 0 0 0 1000 0 0 0 0 750 0 0 0 0 475 0 0 0 500 1150 0 0 0 0 1075 500 500 500 0 725 0 0 0 0 325 0 0 0 1000 -6175 1000 1000 1000 500 250 0 0 0 0 675 0 0 0 0 275 0 0 0 0 1200 0 0 0 0 375 0 0 0 0 575 0 0 0 0 625 0 0 0 
0 0 275 500 500 0 0 1150 0 0 0 0 1175 0 0 0 0 775 0 0 0 0 1075 0 0 0 0 1000 0 0 0 0 750 0 0 0 0 475 0 0 500 500 1150 0 0 0 0 1075 500 500 0 0 725 0 0 0 0 325 0 0 1000 1000 -6175 1000 1000 500 500 250 0 0 0 0 675 0 0 0 0 275 0 0 0 0 1200 0 0 0 0 375 0 0 0 0 575 0 0 0 0 625 0 0 
0 0 0 275 500 0 0 0 1150 0 0 0 0 1175 0 0 0 0 775 0 0 0 0 1075 0 0 0 0 1000 0 0 0 0 750 0 0 0 0 475 0 500 500 500 1150 0 0 0 0 1075 500 0 0 0 725 0 0 0 0 325 0 1000 1000 1000 -6175 1000 500 500 500 250 0 0 0 0 675 0 0 0 0 275 0 0 0 0 1200 0 0 0 0 375 0 0 0 0 575 0 0 0 0 625 0 
0 0 0 0 275 0 0 0 0 1150 0 0 0 0 1175 0 0 0 0 775 0 0 0 0 1075 0 0 0 0 1000 0 0 0 0 750 0 0 0 0 475 500 500 500 500 1150 0 0 0 0 1075 0 0 0 0 725 0 0 0 0 325 1000 1000 1000 1000 -6175 500 500 500 500 250 0 0 0 0 675 0 0 0 0 275 0 0 0 0 1200 0 0 0 0 375 0 0 0 0 575 0 0 0 0 625 
110 0 0 0 0 460 0 0 0 0 470 0 0 0 0 310 0 0 0 0 430 0 0 0 0 400 0 0 0 0 300 0 0 0 0 190 0 0 0 0 460 0 0 0 0 430 0 0 0 0 290 0 0 0 0 130 0 0 0 0 250 500 500 500 500 -3220 1000 1000 1000 1000 270 0 0 0 0 110 500 500 500 500 480 0 0 0 0 150 0 0 0 0 230 0 0 0 0 250 0 0 0 0 
0 110 0 0 0 0 460 0 0 0 0 470 0 0 0 0 310 0 0 0 0 430 0 0 0 500 400 0 0 0 0 300 0 0 0 0 190 0 0 0 0 460 0 0 0 0 430 0 0 0 0 290 0 0 0 0 130 0 0 0 0 250 500 500 500 1000 -3220 1000 1000 1000 0 270 0 0 0 0 110 500 500 500 0 480 0 0 0 0 150 0 0 0 0 230 0 0 0 0 250 0 0 0 
0 0 110 0 0 0 0 460 0 0 0 0 470 0 0 0 0 310 0 0 0 0 430 0 0 500 500 400 0 0 0 0 300 0 0 0 0 190 0 0 0 0 460 0 0 0 0 430 0 0 0 0 290 0 0 0 0 130 0 0 0 0 250 500 500 1000 1000 -3220 1000 1000 0 0 270 0 0 0 0 110 500 500 0 0 480 0 0 0 0 150 0 0 0 0 230 0 0 0 0 250 0 0 
0 0 0 110 0 0 0 0 460 0 0 0 0 470 0 0 0 0 310 0 0 0 0 430 0 500 500 500 400 0 0 0 0 300 0 0 0 0 190 0 0 0 0 460 0 0 0 0 430 0 0 0 0 290 0 0 0 0 130 0 0 0 0 250 500 1000 1000 1000 -3220 1000 0 0 0 270 0 0 0 0 110 500 0 0 0 480 0 0 0 0 150 0 0 0 0 230 0 0 0 0 250 0 
0 0 0 0 110 0 0 0 0 460 0 0 0 0 470 0 0 0 0 310 0 0 0 0 430 500 500 500 500 400 0 0 0 0 300 0 0 0 0 190 0 0 0 0 460 0 0 0 0 430 0 0 0 0 290 0 0 0 0 130 0 0 0 0 250 1000 1000 1000 1000 -3220 0 0 0 0 270 0 0 0 0 110 0 0 0 0 480 0 0 0 0 150 0 0 0 0 230 0 0 0 0 250 
297 0 0 0 0 1242 0 0 0 0 1269 0 0 0 0 837 0 0 0 0 1161 0 0 0 0 1080 0 0 0 0 810 0 0 0 0 513 500 500 500 500 1242 0 0 0 0 1161 0 0 0 0 783 0 0 0 0 351 0 0 0 0 675 0 0 0 0 270 0 0 0 0 -6535 1000 1000 1000 1000 297 0 0 0 0 1296 0 0 0 0 405 0 0 0 0 621 0 0 0 0 675 500 500 500 500 
0 297 0 0 0 0 1242 0 0 0 0 1269 0 0 0 0 837 0 0 0 0 1161 0 0 0 500 1080 0 0 0 0 810 0 0 0 0 513 500 500 500 0 1242 0 0 0 0 1161 0 0 0 0 783 0 0 0 0 351 0 0 0 0 675 0 0 0 0 270 0 0 0 1000 -6535 1000 1000 1000 0 297 0 0 0 0 1296 0 0 0 0 405 0 0 0 0 621 0 0 0 500 675 500 500 500 
0 0 297 0 0 0 0 1242 0 0 0 0 1269 0 0 0 0 837 0 0 0 0 1161 0 0 500 500 1080 0 0 0 0 810 0 0 0 0 513 500 500 0 0 1242 0 0 0 0 1161 0 0 0 0 783 0 0 0 0 351 0 0 0 0 675 0 0 0 0 270 0 0 1000 1000 -6535 1000 1000 0 0 297 0 0 0 0 1296 0 0 0 0 405 0 0 0 0 621 0 0 500 500 675 500 500 
0 0 0 297 0 0 0 0 1242 0 0 0 0 1269 0 0 0 0 837 0 0 0 0 1161 0 500 500 500 1080 0 0 0 0 810 0 0 0 0 513 500 0 0 0 1242 0 0 0 0 1161 0 0 0 0 783 0 0 0 0 351 0 0 0 0 675 0 0 0 0 270 0 1000 1000 1000 -6535 1000 0 0 0 297 0 0 0 0 1296 0 0 0 0 405 0 0 0 0 621 0 500 500 500 675 500 
0 0 0 0 297 0 0 0 0 1242 0 0 0 0 1269 0 0 0 0 837 0 0 0 0 1161 500 500 500 500 1080 0 0 0 0 810 0 0 0 0 513 0 0 0 0 1242 0 0 0 0 1161 0 0 0 0 783 0 0 0 0 351 0 0 0 0 675 0 0 0 0 270 1000 1000 1000 1000 -6535 0 0 0 0 297 0 0 0 0 1296 0 0 0 0 405 0 0 0 0 621 500 500 500 500 675 
121 0 0 0 0 506 0 0 0 0 517 0 0 0 0 341 0 0 0 0 473 0 0 0 0 440 0 0 0 0 330 0 0 0 0 209 0 0 0 0 506 0 0 0 0 473 0 0 0 0 319 0 0 0 0 143 0 0 0 0 275 0 0 0 0 110 0 0 0 0 297 0 0 0 0 -3431 1000 1000 1000 1000 528 0 0 0 0 165 0 0 0 0 253 0 0 0 0 275 0 0 0 0 
0 121 0 0 0 0 506 0 0 0 0 517 0 0 0 500 341 0 0 0 0 473 0 0 0 0 440 0 0 0 0 330 0 0 0 0 209 0 0 0 0 506 0 0 0 0 473 0 0 0 0 319 0 0 0 0 143 0 0 0 0 275 0 0 0 500 110 0 0 0 0 297 0 0 0 1000 -3431 1000 1000 1000 0 528 0 0 0 0 165 0 0 0 0 253 0 0 0 0 275 0 0 0 
0 0 121 0 0 0 0 506 0 0 0 0 517 0 0 500 500 341 0 0 0 0 473 0 0 0 0 440 0 0 0 0 330 0 0 0 0 209 0 0 0 0 506 0 0 0 0 473 0 0 0 0 319 0 0 0 0 143 0 0 0 0 275 0 0 500 500 110 0 0 0 0 297 0 0 1000 1000 -3431 1000 1000 0 0 528 0 0 0 0 165 0 0 0 0 253 0 0 0 0 275 0 0 
0 0 0 121 0 0 0 0 506 0 0 0 0 517 0 500 500 500 341 0 0 0 0 473 0 0 0 0 440 0 0 0 0 330 0 0 0 0 209 0 0 0 0 506 0 0 0 0 473 0 0 0 0 319 0 0 0 0 143 0 0 0 0 275 0 500 500 500 110 0 0 0 0 297 0 1000 1000 1000 -3431 1000 0 0 0 528 0 0 0 0 165 0 0 0 0 253 0 0 0 0 275 0 
0 0 0 0 121 0 0 0 0 506 0 0 0 0 517 500 500 500 500 341 0 0 0 0 473 0 0 0 0 440 0 0 0 0 330 0 0 0 0 209 0 0 0 0 506 0 0 0 0 473 0 0 0 0 319 0 0 0 0 143 0 0 0 0 275 500 500 500 500 110 0 0 0 0 297 1000 1000 1000 1000 -3431 0 0 0 0 528 0 0 0 0 165 0 0 0 0 253 0 0 0 0 275 
528 0 0 0 0 2208 0 0 0 0 2256 0 0 0 0 1488 0 0 0 0 2064 0 0 0 0 1920 0 0 0 0 1440 0 0 0 0 912 0 0 0 0 2208 0 0 0 0 2064 0 0 0 0 1392 0 0 0 0 624 0 0 0 0 1200 0 0 0 0 480 0 0 0 0 1296 0 0 0 0 528 0 0 0 0 -9832 1000 1000 1000 1000 720 0 0 0 0 1104 0 0 0 0 1200 0 0 0 0 
0 528 0 0 0 0 2208 0 0 0 500 2256 0 0 0 0 1488 0 0 0 0 2064 0 0 0 0 1920 0 0 0 0 1440 0 0 0 0 912 0 0 0 0 2208 0 0 0 0 2064 0 0 0 0 1392 0 0 0 0 624 0 0 0 0 1200 0 0 0 0 480 0 0 0 0 1296 0 0 0 0 528 0 0 0 1000 -9832 1000 1000 1000 0 720 0 0 0 0 1104 0 0 0 0 1200 0 0 0 
0 0 528 0 0 0 0 2208 0 0 500 500 2256 0 0 0 0 1488 0 0 0 0 2064 0 0 0 0 1920 0 0 0 0 1440 0 0 0 0 912 0 0 0 0 2208 0 0 0 0 2064 0 0 0 0 1392 0 0 0 0 624 0 0 0 0 1200 0 0 0 0 480 0 0 0 0 1296 0 0 0 0 528 0 0 1000 1000 -9832 1000 1000 0 0 720 0 0 0 0 1104 0 0 0 0 1200 0 0 
0 0 0 528 0 0 0 0 2208 0 500 500 500 2256 0 0 0 0 1488 0 0 0 0 2064 0 0 0 0 1920 0 0 0 0 1440 0 0 0 0 912 0 0 0 0 2208 0 0 0 0 2064 0 0 0 0 1392 0 0 0 0 624 0 0 0 0 1200 0 0 0 0 480 0 0 0 0 1296 0 0 0 0 528 0 1000 1000 1000 -9832 1000 0 0 0 720 0 0 0 0 1104 0 0 0 0 1200 0 
0 0 0 0 528 0 0 0 0 2208 500 500 500 500 2256 0 0 0 0 1488 0 0 0 0 2064 0 0 0 0 1920 0 0 0 0 1440 0 0 0 0 912 0 0 0 0 2208 0 0 0 0 2064 0 0 0 0 1392 0 0 0 0 624 0 0 0 0 1200 0 0 0 0 480 0 0 0 0 1296 0 0 0 0 528 1000 1000 1000 1000 -9832 0 0 0 0 720 0 0 0 0 1104 0 0 0 0 1200 
165 0 0 0 0 690 0 0 0 0 705 0 0 0 0 465 0 0 0 0 645 500 500 500 500 600 0 0 0 0 450 0 0 0 0 285 0 0 0 0 690 0 0 0 0 645 0 0 0 0 435 0 0 0 0 195 500 500 500 500 375 0 0 0 0 150 0 0 0 0 405 0 0 0 0 165 0 0 0 0 720 0 0 0 0 -4255 1000 1000 1000 1000 345 0 0 0 0 375 0 0 0 0 
0 165 0 0 0 500 690 0 0 0 0 705 0 0 0 0 465 0 0 0 0 645 500 500 500 0 600 0 0 0 0 450 0 0 0 0 285 0 0 0 0 690 0 0 0 0 645 0 0 0 0 435 0 0 0 0 195 500 500 500 0 375 0 0 0 0 150 0 0 0 0 405 0 0 0 0 165 0 0 0 0 720 0 0 0 1000 -4255 1000 1000 1000 0 345 0 0 0 0 375 0 0 0 
0 0 165 0 0 500 500 690 0 0 0 0 705 0 0 0 0 465 0 0 0 0 645 500 500 0 0 600 0 0 0 0 450 0 0 0 0 285 0 0 0 0 690 0 0 0 0 645 0 0 0 0 435 0 0 0 0 195 500 500 0 0 375 0 0 0 0 150 0 0 0 0 405 0 0 0 0 165 0 0 0 0 720 0 0 1000 1000 -4255 1000 1000 0 0 345 0 0 0 0 375 0 0 
0 0 0 165 0 500 500 500 690 0 0 0 0 705 0 0 0 0 465 0 0 0 0 645 500 0 0 0 600 0 0 0 0 450 0 0 0 0 285 0 0 0 0 690 0 0 0 0 645 0 0 0 0 435 0 0 0 0 195 500 0 0 0 375 0 0 0 0 150 0 0 0 0 405 0 0 0 0 165 0 0 0 0 720 0 1000 1000 1000 -4255 1000 0 0 0 345 0 0 0 0 375 0 
0 0 0 0 165 500 500 500 500 690 0 0 0 0 705 0 0 0 0 465 0 0 0 0 645 0 0 0 0 600 0 0 0 0 450 0 0 0 0 285 0 0 0 0 690 0 0 0 0 645 0 0 0 0 435 0 0 0 0 195 0 0 0 0 375 0 0 0 0 150 0 0 0 0 405 0 0 0 0 165 0 0 0 0 720 1000 1000 1000 1000 -4255 0 0 0 0 345 0 0 0 0 375 
253 0 0 0 0 1058 0 0 0 0 1081 0 0 0 0 713 0 0 0 0 989 0 0 0 0 920 0 0 0 0 690 0 0 0 0 437 0 0 0 0 1058 0 0 0 0 989 0 0 0 0 667 0 0 0 0 299 0 0 0 0 575 0 0 0 0 230 0 0 0 0 621 0 0 0 0 253 0 0 0 0 1104 0 0 0 0 345 0 0 0 0 -5807 1000 1000 1000 1000 575 0 0 0 0 
0 253 0 0 0 0 1058 0 0 0 0 1081 0 0 0 0 713 0 0 0 0 989 0 0 0 0 920 0 0 0 0 690 0 0 0 0 437 0 0 0 0 1058 0 0 0 0 989 0 0 0 0 667 0 0 0 0 299 0 0 0 0 575 0 0 0 0 230 0 0 0 0 621 0 0 0 0 253 0 0 0 0 1104 0 0 0 0 345 0 0 0 1000 -5807 1000 1000 1000 0 575 0 0 0 
0 0 253 0 0 0 0 1058 0 0 0 0 1081 0 0 0 0 713 0 0 0 0 989 0 0 0 0 920 0 0 0 0 690 0 0 0 0 437 0 0 0 0 1058 0 0 0 0 989 0 0 0 0 667 0 0 0 0 299 0 0 0 0 575 0 0 0 0 230 0 0 0 0 621 0 0 0 0 253 0 0 0 0 1104 0 0 0 0 345 0 0 1000 1000 -5807 1000 1000 0 0 575 0 0 
0 0 0 253 0 0 0 0 1058 0 0 0 0 1081 0 0 0 0 713 0 0 0 0 989 0 0 0 0 920 0 0 0 0 690 0 0 0 0 437 0 0 0 0 1058 0 0 0 0 989 0 0 0 0 667 0 0 0 0 299 0 0 0 0 575 0 0 0 0 230 0 0 0 0 621 0 0 0 0 253 0 0 0 0 1104 0 0 0 0 345 0 1000 1000 1000 -5807 1000 0 0 0 575 0 
0 0 0 0 253 0 0 0 0 1058 0 0 0 0 1081 0 0 0 0 713 0 0 0 0 989 0 0 0 0 920 0 0 0 0 690 0 0 0 0 437 0 0 0 0 1058 0 0 0 0 989 0 0 0 0 667 0 0 0 0 299 0 0 0 0 575 0 0 0 0 230 0 0 0 0 621 0 0 0 0 253 0 0 0 0 1104 0 0 0 0 345 1000 1000 1000 1000 -5807 0 0 0 0 575 
275 0 0 0 0 1150 0 0 0 0 1175 0 0 0 0 775 0 0 0 0 1075 0 0 0 0 1000 0 0 0 0 750 0 0 0 0 475 0 0 0 0 1150 500 500 500 500 1075 0 0 0 0 725 0 0 0 0 325 0 0 0 0 625 0 0 0 0 250 0 0 0 0 675 500 500 500 500 275 0 0 0 0 1200 0 0 0 0 375 0 0 0 0 575 0 0 0 0 -6175 1000 1000 1000 1000 
0 275 0 0 0 0 1150 0 0 0 0 1175 0 0 0 0 775 0 0 0 0 1075 0 0 0 0 1000 0 0 0 0 750 0 0 0 0 475 0 0 0 0 1150 500 500 500 0 1075 0 0 0 0 725 0 0 0 0 325 0 0 0 0 625 0 0 0 0 250 0 0 0 500 675 500 500 500 0 275 0 0 0 0 1200 0 0 0 0 375 0 0 0 0 575 0 0 0 1000 -6175 1000 1000 1000 
0 0 275 0 0 0 0 1150 0 0 0 0 1175 0 0 0 0 775 0 0 0 0 1075 0 0 0 0 1000 0 0 0 0 750 0 0 0 0 475 0 0 0 0 1150 500 500 0 0 1075 0 0 0 0 725 0 0 0 0 325 0 0 0 0 625 0 0 0 0 250 0 0 500 500 675 500 500 0 0 275 0 0 0 0 1200 0 0 0 0 375 0 0 0 0 575 0 0 1000 1000 -6175 1000 1000 
0 0 0 275 0 0 0 0 1150 0 0 0 0 1175 0 0 0 0 775 0 0 0 0 1075 0 0 0 0 1000 0 0 0 0 750 0 0 0 0 475 0 0 0 0 1150 500 0 0 0 1075 0 0 0 0 725 0 0 0 0 325 0 0 0 0 625 0 0 0 0 250 0 500 500 500 675 500 0 0 0 275 0 0 0 0 1200 0 0 0 0 375 0 0 0 0 575 0 1000 1000 1000 -6175 1000 
0 0 0 0 275 0 0 0 0 1150 0 0 0 0 1175 0 0 0 0 775 0 0 0 0 1075 0 0 0 0 1000 0 0 0 0 750 0 0 0 0 475 0 0 0 0 1150 0 0 0 0 1075 0 0 0 0 725 0 0 0 0 325 0 0 0 0 625 0 0 0 0 250 500 500 500 500 675 0 0 0 0 275 0 0 0 0 1200 0 0 0 0 375 0 0 0 0 575 1000 1000 1000 1000 -6175 
